0.848246	0.972807
0.802632	0.886842
0.822807	0.717544
0.989474	1.02281
0.817544	0.823684
1.13158	0.899123
0.801754	0.733333
0.922807	0.985965
0.714035	0.883333
0.876316	0.935965
0.966667	0.959649
0.817544	0.923684
1.05702	1.05263
0.76579	0.851754
0.980702	1.05439
0.925439	0.763158
0.764912	0.577193
1.3114	0.627193
1.03509	0.890351
1.0693	1.0386
0.621053	0.870175
0.947369	0.903509
0.928947	1.01404
1.02982	1.12018
0.836842	0.85
0.868421	0.846491
1.00702	0.94386
1.00526	0.712281
0.980702	0.940351
0.67193	0.707018
0.789474	0.907895
1.02018	1.0614
0.839474	0.857018
0.8	0.785965
0.910526	0.92193
0.996491	1.00175
0.64386	0.712281
0.779824	0.881579
0.91579	0.864035
1.0614	0.75
1.02193	1.02281
0.763158	0.776316
0.820175	0.910526
0.815789	0.627193
0.894737	0.891228
0.921053	1.0386
0.784211	0.8
0.68421	0.596491
0.985088	0.921053
0.888596	1.00263
1.1886	0.846491
0.890351	0.859649
0.97807	0.964912
0.935088	0.910526
0.745614	0.842105
0.949123	0.790351
0.701755	0.926316
0.815789	0.81579
0.868421	0.965789
0.866667	0.67193
0.592105	0.686842
0.863158	0.774561
0.938597	0.688596
1.07632	0.976316
0.867544	0.958772
0.995614	0.977193
0.795614	0.908772
0.725439	0.873684
0.882456	0.963158
0.837719	0.892982
0.677193	0.830702
0.874561	0.908772
0.958772	0.770175
0.849123	0.925439
0.964035	0.875439
0.819298	0.785965
0.95	1.09386
0.829825	0.694737
1.08947	0.958772
0.85614	0.821053
0.995614	0.894737
0.984211	0.691228
0.947368	0.837719
0.821053	0.804386
0.830702	0.857895
1.01579	0.924561
0.774561	0.802632
0.902631	0.981579
0.835088	0.937719
0.929825	0.835088
0.930702	0.987719
0.904386	0.932456
0.855263	0.807895
0.789474	0.79386
1.02982	0.838596
0.714912	0.817544
0.957895	0.954386
1.28596	1.00263
0.903509	0.875439
0.842105	0.776316
