1.5	0
0.583333	0
0	0
2	0
0	0
2.13889	0
0.777778	0
0	0
1.05556	0
1.05556	0
4.08333	0
0.722222	0
0.266667	0
0.166667	0.0833333
0.166667	0
0.166667	0
1.5	0
0	0
0.388889	0
0.722222	0
1.11111	0
1.1	0
1.91667	0
2.5	0
2.16667	0
0.377778	0
2.33333	0
1.83333	0
0.333333	0
0.677778	0
0.333333	0
0	0
0	0
0	0
0.722222	0
2.1	0
0.333333	0
2.33333	0.194444
0.483333	0
1.5	0
0.416667	0
0.333333	0
0.666667	0
0.8	0
1.83333	0
1.83333	0
0.733333	0
1.83333	0
1.55556	0
0.333333	0
4	0
1.94444	0.111111
0.0277778	0
2.08333	0
2.5	0
1.5	0
1.83333	0
0.777778	0
0.333333	0
2.55556	0
0.266667	0
1.5	0
0.333333	0
2.66667	0
0	0
0	0
0.972222	0
0.533333	0
1.5	0
1.5	0
1.5	0
0.6	0
0.844444	0
2.2	0
0.666667	0
1.83333	0
0.555556	0
0	0
0.733333	0
0	0
1.83333	0
0.444444	0
1.86111	0
0.555556	0
1.24444	0
0.722222	0
2.16667	0
0	0.111111
0	0
0.8	0
1.02222	0
1.75	0
2.11111	0
0.722222	0
0.833333	0
0.333333	0
0.666667	0
0.333333	0
3.58333	0
0.833333	0
