0.525	0
2.625	0
0.958333	0
1.08333	0
0.541667	0
0.458333	0
1.375	0
0.425	0
0.708333	0
0.991667	0
1.54167	0
0.666667	0
2.6875	0
1.075	0
0.666667	0
1.95833	0
0.583333	0
1.75	0
1.4375	0
1.3875	0
0.6875	0
0.7	0
1.79167	0.0833333
1.25	0
0.316667	0
1.45	0
0.916667	0
1.4375	0
1.125	0
1.125	0
0.333333	0
1.875	0
0.858333	0.0666667
0.5	0
0.508333	0
2.6875	0
3	0
0.625	0
0.6875	0
0.854167	0
0.625	0
1.52083	0
0.6	0
0.416667	0
1.125	0
1.4375	0
3.22917	0
0.708333	0
1.29167	0
0.55	0
0.625	0
1.5	0
0.416667	0
0.666667	0
0.191667	0
0.541667	0
2.0625	0
1.91667	0
0.666667	0
0.625	0
0.895833	0
1.125	0
0.8125	0.05
0.725	0
1.3125	0
0.8	0
1.1	0
1.08333	0
0.3125	0
1.375	0
1.25	0.208333
0.5	0
1.4375	0
1.5	0
0.6125	0
0.375	0.025
0.4375	0
0.366667	0
0.883333	0
1.375	0
0.770833	0
0.7625	0
1.54167	0
1.08333	0
0.666667	0
1.275	0
1.375	0
0.895833	0
1.375	0
0.916667	0
0.5	0
1.5625	0
1.125	0
0.666667	0
1.29167	0
0.6	0
1.79167	0
0.604167	0
0.65	0
0.541667	0
