0.694444	0
2.18056	0
0.391667	0
2.29167	0
0.711111	0
1.125	0
0.4	0
0.916667	0.111111
0.361111	0
0.591667	0
1.08333	0
0.666667	0
0.75	0
0.494444	0
0.625	0
0.541667	0
0.544444	0
0.447222	0.0222222
0.605556	0
0.861111	0
0.516667	0
0.611111	0
0.958333	0.125
0.527778	0
0.805556	0
1.04167	0
0.438889	0
0.794445	0
0.227778	0
0.777778	0
0.944444	0
0.233333	0
0.705555	0
0.805556	0
0.825	0
1.08333	0
0.255556	0
0.833333	0
0.430556	0
0.294444	0
0.494444	0
2.08333	0
1.52778	0
0.833333	0
0.455556	0
0.583333	0
0.513889	0.222222
0.805556	0
0.833333	0
0.666667	0
0.402778	0
0.505556	0.0333333
0.127778	0
0.355556	0
0.633333	0
0.486111	0
0.861111	0
0.722222	0.0833333
1.29167	0
1.13889	0
0.333333	0
0.75	0
0.727778	0
0.694444	0
0.486111	0
0.916667	0
0.777778	0.166667
0.722222	0
0.752778	0
1.875	0.166667
1.25	0
0.6	0
0.508333	0
0.252778	0
0.847222	0
0.525	0
0.533333	0
1.13889	0
0.638889	0
0.958333	0
0.475	0
0.430556	0
0.666667	0
1.30556	0
0.35	0
0.372222	0
0.75	0
0.388889	0
1.04167	0
0.658333	0
1.18056	0
0.691667	0
2.29167	0
0.611111	0
0.377778	0.0333333
1.16667	0
1.68056	0
1.875	0
0.444444	0
1.13333	0
