0.928571	0
0.364286	0
0.295238	0
1.05952	0
0.940476	0
0.604762	0.147619
0.630952	0.0119048
0.821428	0
1.13095	0
0.571429	0
0.107143	0.107143
0.828571	0.0857143
0.285714	0
0.488095	0
0.564286	0.0142857
0.433333	0.0047619
0.809524	0
1.19048	0
0.571429	0
0.32619	0
0.464286	0
0.845238	0
1.02381	0
0.738095	0.0714286
0.478571	0.133333
1.64286	0
0.678571	0
0.466667	0
0.6	0
0.347619	0
0.380952	0
0.457143	0
0.880952	0
0.559524	0
0.952381	0
0.335714	0
0.666667	0
0.730952	0
1.05952	0
1.2381	0
0.252381	0
0.690476	0
2.08333	0
0.916667	0
1.75	0.0357143
0.380952	0
0.702381	0
1.04762	0.107143
0.690476	0.0714286
0.595238	0
0.371429	0
0.27619	0
0.65	0
0.809524	0
0.157143	0
0.547619	0
0.152381	0
0.880952	0
0.630952	0
0.976191	0
2.0119	0
1.28571	0
0.678571	0
0.547619	0
0.202381	0
0.392857	0.00952381
0.404762	0.1
0.654762	0
0.75	0
0.535714	0
0.559524	0
0.669048	0
0.664286	0
0.857143	0.214286
0.138095	0
2.21429	0.0714286
0.414286	0
0.652381	0
0.857143	0
0.345238	0
0.571429	0
0.364286	0
0.880952	0
0.404762	0
0.528571	0
0.857143	0.0357143
0.678571	0
0.542857	0
0.988095	0
0.492857	0
0.52381	0.047619
0.357143	0
0.714286	0
0.523809	0
0.390476	0
1.04762	0
0.464286	0
0.385714	0
0.595238	0.0190476
0.869048	0
