0.383333	0
0.825	0
0.741667	0
1.05833	0.108333
0.458333	0.241667
0.325	0
0.85	0
0.765	0.12
0.683333	0.05
0.533333	0.0833333
0.941667	0.1
0.85	0.0333333
0.541667	0
0.416667	0
0.583333	0
0.32	0.01
0.433333	0
0.483333	0
0.416667	0.0583333
0.583333	0.0916667
0.465	0.07
0.5	0.01
0.933333	0
0.825	0
0.7	0.0666667
1.025	0
0.316667	0.108333
0.835	0
0.533333	0.116667
0.475	0
0.491667	0.225
0.533333	0
0.516667	0.166667
0.558333	0.025
0.566667	0.1
0.39	0
0.775	0.2
0.4	0.075
0.566667	0.025
0.475	0
0.49	0
0.875	0.0333333
0.341667	0.0916667
0.816667	0
0.425	0.075
0.966667	0.233333
0.725	0
0.333333	0
1.70833	0.15
0.708333	0.216667
0.366667	0
0.491667	0
0.566667	0
0.408333	0.00833333
0.533333	0.025
0.566667	0
0.315	0.06
0.39	0
0.455	0.13
0.725	0
0.375	0.015
0.45	0
0.991667	0
0.4	0
0.925	0
0.46	0
0.466667	0
0.508333	0
0.666667	0.0166667
0.44	0.125
0.441667	0.1
0.508333	0
0.783333	0
0.595	0
0.516667	0
0.435	0.165
0.85	0
0.525	0
0.825	0.0583333
0.866667	0
1.01667	0.191667
0.865	0.115
0.566667	0.1
1.275	0
0.466667	0
0.416667	0.05
0.52	0.07
1.05	0.208333
0.45	0.06
0.4	0.1
0.29	0.205
0.608333	0
0.4	0.116667
0.825	0.166667
0.575	0
0.733333	0.141667
0.775	0.0916667
0.291667	0
0.858333	0
0.435	0
