0.584848	0.0939394
0.484848	0.139394
0.530303	0.0530303
0.242424	0
0.924242	0.0984849
0.425758	0.0590909
0.560606	0.0606061
0.75	0.234848
0.342424	0.239394
0.430303	0.177273
0.40303	0.190909
1.28788	0.219697
0.290909	0.139394
0.492424	0.0530303
0.306061	0.0106061
0.537879	0.0606061
0.569697	0
0.454545	0.175758
0.321212	0.160606
0.425758	0.0227273
0.401515	0
0.327273	0.254545
0.466667	0.0878788
0.465152	0.19697
0.454545	0.172727
0.490909	0.101515
0.415152	0.0909091
0.351515	0.00757576
0.742424	0.0606061
0.50303	0.106061
0.527273	0.0878788
0.34697	0
0.375758	0.116667
0.312121	0
0.580303	0.119697
0.431818	0.219697
0.45303	0.172727
0.659091	0.181818
0.55303	0.154545
0.421212	0.193939
0.492424	0.0606061
0.462121	0.201515
0.7	0.163636
0.4	0
0.689394	0.128788
0.478788	0.0484849
0.5	0.121212
0.30303	0.166667
0.427273	0.00151515
0.560606	0.0909091
0.5	0.181818
1.00758	0.356061
0.221212	0.0257576
0.712121	0.272727
0.712121	0.189394
0.39697	0.0545455
0.321212	0
0.5	0.245455
0.431818	0
1.04545	0.0757576
0.636364	0
0.351515	0.0515152
0.545455	0.257576
0.460606	0.115152
0.765151	0
0.424242	0.145455
1.01515	0.0909091
0.409091	0.0681818
0.616667	0.221212
0.681818	0.204545
0.643939	0.257576
0.178788	0.0787879
0.722727	0.0954546
0.795455	0.0454545
0.487879	0.0621212
0.810606	0
0.29697	0.0242424
0.878788	0.166667
0.371212	0
0.398485	0.0454545
0.377273	0.127273
0.5	0
0.545455	0
0.595454	0.0242424
0.539394	0.201515
0.556061	0.143939
0.395455	0.159091
0.478788	0
0.269697	0.0818182
0.554545	0.248485
0.484848	0.0454545
0.289394	0.0439394
0.293939	0.145455
0.659091	0.212121
0.510606	0.0969697
0.571212	0.140909
0.521212	0.218182
0.390909	0
0.372727	0
0.439394	0.213636
