0.520833	0.104167
0.375	0.0416667
0.527778	0.0763889
0.458333	0
0.456944	0.148611
0.3375	0.1125
0.625	0.208333
0.513889	0.222222
0.441667	0.0597222
0.375	0.209722
0.486111	0.0972222
0.423611	0.281944
0.415278	0.143056
0.620833	0.188889
0.745833	0.233333
0.736111	0.333333
0.481944	0.236111
0.394444	0.231944
0.611111	0.125
0.422222	0.366667
0.548611	0.0791667
0.322222	0.0722222
0.5	0.125
0.506944	0.0277778
0.568056	0.333333
0.45	0
0.822222	0.211111
0.555556	0.159722
0.701389	0.1875
0.958333	0.326389
0.497222	0.180556
0.365278	0.190278
0.702778	0.2125
0.638889	0.0416667
0.409722	0.225
0.394444	0.219444
0.425	0.166667
0.394444	0.1375
0.35	0.125
0.463889	0.166667
0.736111	0.3125
0.225	0.186111
0.548611	0.201389
0.448611	0.122222
0.555556	0.202778
0.440278	0.0277778
0.444444	0.0138889
0.590278	0.0763889
0.427778	0.252778
0.397222	0.144444
0.458333	0.0555556
0.5	0.0486111
0.784722	0.256944
0.469444	0.397222
0.359722	0.184722
0.583333	0.238889
0.4125	0.284722
0.377778	0.0236111
0.668056	0.0527778
0.433333	0.356944
0.355556	0.208333
0.416667	0
0.255556	0.0472222
0.404167	0.323611
0.6125	0.191667
0.616667	0.0805556
0.472222	0.138889
0.526389	0.302778
0.356944	0.338889
0.561111	0.363889
0.583333	0
1.08333	0.166667
0.369444	0.283333
0.258333	0.0666667
0.272222	0.194444
0.527778	0.201389
0.444444	0.355556
0.511111	0.25
0.298611	0.188889
0.443056	0.283333
0.520833	0.0763889
0.461111	0.0527778
0.344444	0.377778
0.416667	0.0138889
0.445833	0.0444444
0.458333	0.194444
0.580556	0.229167
0.458333	0.113889
0.456944	0.108333
0.479167	0.236111
0.658333	0.313889
0.311111	0.0833333
0.4875	0.243056
1.3125	0.236111
0.402778	0
0.380556	0.127778
0.448611	0.180556
0.659722	0.0416667
0.55	0.183333
0.334722	0.0736111
