0.40641	0.244872
0.544872	0.128205
0.579487	0.141026
0.737179	0.24359
0.564103	0.397436
0.315385	0.189744
0.524359	0.438462
0.451282	0.341026
0.621795	0.275641
0.505128	0.321795
0.425641	0.279487
0.646154	0.337179
0.212821	0.166667
1.37179	0.173077
0.461538	0.15641
0.676923	0.305128
0.639744	0.31282
0.575641	0.179487
0.50641	0.314103
0.552564	0.401282
0.910256	0.378205
0.807692	0.160256
0.505128	0.29359
0.624359	0.25641
0.5	0.384615
0.348718	0.292308
1.25	0.134615
0.491026	0.273077
0.566667	0.257692
0.73718	0.423077
0.282051	0.120513
0.433333	0.184615
0.362821	0.144872
0.520513	0.192308
0.619231	0.303846
0.55	0.464102
0.433333	0.194872
0.60641	0.389744
0.50641	0.160256
0.482051	0.239744
0.444872	0.207692
0.462821	0.35641
0.682051	0.44359
0.462821	0.388462
0.644872	0.311538
0.325641	0.276923
0.820513	0.525641
0.371795	0.279487
0.432051	0.271795
0.555128	0.308974
0.502564	0.289744
0.279487	0.0564103
0.579487	0.305128
0.466667	0.0769231
0.423077	0.353846
0.694872	0.271795
0.284615	0
1.23077	0.384615
0.346154	0.271795
0.238462	0.1
0.323077	0.138462
0.715385	0.276923
0.434615	0.162821
0.426923	0.169231
0.74359	0.198718
0.576923	0.467949
0.592308	0.476923
0.630769	0.238462
0.575641	0.253846
0.380769	0.330769
0.384615	0.367949
0.384615	0.0641026
0.838462	0.451282
0.623077	0.48718
0.497436	0.276923
0.428205	0.0384615
1.42949	0.326923
0.346154	0.141026
0.685897	0.410256
0.583333	0.301282
0.961538	0.371795
0.65	0.360256
0.31282	0.258974
0.698718	0.288462
0.371795	0.248718
0.558974	0.228205
0.441026	0.317949
0.587179	0.305128
0.538462	0
0.566667	0.317949
0.75	0.314103
0.564103	0.173077
0.461538	0.153846
0.483333	0.326923
0.40641	0.0564103
0.597436	0.138462
0.698718	0.382051
0.607692	0.352564
0.487179	0.330769
0.737179	0.365385
