0.439286	0.420238
0.5	0.260714
0.542857	0.297619
0.5	0.52619
0.688095	0.566667
1.10714	0.27381
0.585714	0.532143
0.547619	0.454762
0.652381	0.434524
0.37619	0.403571
0.714286	0.452381
0.452381	0.370238
0.535714	0.432143
0.478571	0.257143
0.5	0.208333
0.554762	0.409524
0.630952	0.345238
0.653571	0.320238
0.530952	0.40119
0.567857	0.530952
0.328571	0.329762
0.505952	0.402381
0.441667	0.359524
0.634524	0.427381
0.65	0.521429
0.464286	0.37381
0.578571	0.407143
0.579762	0.480952
0.472619	0.452381
0.42619	0.296429
0.477381	0.236905
0.510714	0.413095
0.507143	0.240476
0.477381	0.389286
0.385714	0.303571
0.583333	0.297619
0.528571	0.455952
0.708333	0.303571
0.454762	0.364286
0.471429	0.496429
0.57381	0.404762
0.477381	0.322619
0.696429	0.541667
0.416667	0.202381
0.5	0.402381
0.457143	0.555952
0.647619	0.540476
0.559524	0.238095
0.740476	0.471429
0.607143	0.285714
0.427381	0.329762
0.49881	0.414286
0.4	0.314286
0.567857	0.495238
0.513095	0.445238
0.760714	0.570238
0.507143	0.565476
0.42619	0.222619
0.547619	0.461905
0.875	0.494048
0.511905	0.253571
0.414286	0.3
0.511905	0.291667
0.455952	0.258333
0.609524	0.261905
0.436905	0.313095
0.430952	0.369048
0.535714	0.602381
0.365476	0.230952
0.47381	0.3
0.57381	0.503571
0.630952	0.558333
0.571429	0.315476
0.534524	0.352381
0.555952	0.409524
0.540476	0.247619
0.428571	0.310714
0.494048	0.285714
0.365476	0.433333
0.507143	0.565476
0.880952	0.571429
0.720238	0.422619
0.552381	0.47381
0.422619	0.497619
0.520238	0.463095
0.617857	0.408333
0.609524	0.314286
0.916667	0.392857
0.411905	0.35
0.869048	0.279762
0.384524	0.383333
0.428571	0.325
0.404762	0.205952
0.405952	0.34881
0.665476	0.429762
0.392857	0.261905
0.471429	0.597619
0.425	0.428571
0.5	0.347619
0.607143	0.410714
