0.596667	0.578889
0.482222	0.535556
0.502222	0.511111
0.5	0.615556
0.614445	0.488889
0.702222	0.432222
0.65	0.444444
0.588889	0.587778
0.694444	0.488889
0.441111	0.467778
0.484444	0.466667
0.433333	0.222222
0.796667	0.652222
0.794444	0.478889
0.475556	0.515556
0.655556	0.461111
0.523333	0.485556
0.512222	0.471111
0.794444	0.61
0.546667	0.487778
0.605556	0.434444
0.777778	0.461111
0.654445	0.634444
0.466667	0.4
0.475556	0.464444
0.506667	0.47
0.422222	0.482222
0.79	0.286667
0.571111	0.427778
0.537778	0.533333
0.426667	0.462222
0.633333	0.604444
0.5	0.367778
0.557778	0.55
0.666667	0.444444
0.491111	0.44
0.827778	0.511111
0.611111	0.485556
0.944444	0.516667
0.513333	0.464444
0.888889	0.322222
0.604444	0.392222
0.623333	0.667778
0.601111	0.538889
0.534444	0.634444
0.561111	0.402222
0.6	0.525556
0.477778	0.367778
0.677778	0.616667
0.655556	0.552222
0.633333	0.244444
0.536667	0.521111
0.75	0.4
0.565556	0.447778
0.471111	0.577778
0.872222	0.4
0.516667	0.398889
0.85	0.661111
0.538889	0.261111
0.672222	0.15
0.428889	0.324444
0.362222	0.388889
0.738889	0.516667
0.477778	0.188889
0.722222	0.366667
0.543333	0.451111
0.643333	0.673333
0.64	0.491111
0.4	0.366667
0.628889	0.454444
0.65	0.663333
0.765556	0.718889
0.933333	0.594444
0.866667	0.561111
0.638889	0.61
0.542222	0.571111
0.773333	0.624444
0.424444	0.495556
1.41667	0.483333
0.872222	0.677778
0.562222	0.53
0.516667	0.633333
0.7	0.536667
0.391111	0.443333
0.611111	0.2
0.422222	0.413333
0.645556	0.611111
0.705556	0.522222
0.482222	0.472222
0.883333	0.566667
0.547778	0.562222
0.496667	0.656667
0.462222	0.436667
0.65	0.35
0.388889	0.464444
0.411111	0.382222
0.601111	0.541111
0.433333	0.575556
0.776667	0.633333
0.635556	0.511111
