0.653125	0.670833
0.671875	0.598958
1.01562	0.557292
0.578125	0.552083
0.616667	0.759375
0.567708	0.485417
0.78125	0.572917
0.680208	0.60625
0.489583	0.446875
0.816667	0.619792
0.830208	0.646875
0.704167	0.657292
0.810417	0.647917
0.734375	0.471875
0.680208	0.6
0.55	0.553125
0.64375	0.608333
0.788542	0.701042
0.828125	0.515625
0.526042	0.553125
1.10417	0.395833
0.641667	0.619792
0.670833	0.617708
0.920833	0.579167
0.554167	0.6
0.492708	0.330208
0.60625	0.58125
0.441667	0.51875
0.703125	0.786458
0.790625	0.638542
0.5	0.46875
0.78125	0.640625
0.779167	0.585417
0.651042	0.630208
0.592708	0.651042
0.49375	0.634375
0.739583	0.552083
0.489583	0.529167
0.834375	0.844792
0.607292	0.653125
0.755208	0.59375
0.745833	0.751042
0.66875	0.604167
0.572917	0.527083
0.495833	0.485417
0.866667	0.6125
0.807292	0.536458
0.6875	0.5
0.551042	0.64375
0.702083	0.701042
0.6125	0.6375
0.627083	0.641667
0.786458	0.794792
0.7375	0.7125
0.896875	0.696875
0.585417	0.547917
0.755208	0.395833
0.533333	0.4375
0.713542	0.484375
0.664583	0.617708
0.61875	0.621875
0.559375	0.41875
0.703125	0.484375
0.714583	0.691667
0.890625	0.401042
0.734375	0.458333
0.586458	0.548958
0.645833	0.4375
0.754167	0.577083
0.685417	0.682292
0.505208	0.602083
0.659375	0.495833
0.9375	0.703125
0.7375	0.747917
0.555208	0.571875
0.735417	0.646875
0.567708	0.572917
0.577083	0.758333
0.696875	0.673958
0.559375	0.476042
0.859375	0.639583
0.766667	0.628125
0.833333	0.697917
0.639583	0.626042
0.61875	0.59375
0.588542	0.375
0.684375	0.760417
0.611458	0.557292
0.5125	0.416667
0.56875	0.575
0.636458	0.638542
0.916667	0.541667
0.421875	0.433333
0.648958	0.663542
0.758333	0.614583
0.767708	0.786458
0.559375	0.641667
0.59375	0.63125
0.636458	0.597917
0.459375	0.428125
