0.57549	0.473529
0.936274	0.732353
0.558824	0.754902
0.577451	0.65098
0.535294	0.664706
0.806863	0.841177
0.590196	0.621569
0.781373	0.597059
0.82549	0.736275
0.813725	0.617647
0.713726	0.690196
0.671569	0.47549
0.809804	0.914706
0.696078	0.77549
0.638235	0.542157
0.664706	0.757843
0.793137	0.610784
0.659804	0.688235
0.758824	0.77451
0.57451	0.64902
0.439216	0.511765
0.547059	0.603922
0.951961	0.636275
0.629412	0.562745
0.694118	0.853922
0.851961	0.831373
0.878431	0.704902
0.813726	0.753922
0.814706	0.69902
0.843137	0.568627
1.01765	0.820588
0.59902	0.656863
0.80098	0.52451
0.842157	0.694118
0.82451	0.689216
0.642157	0.578431
0.664706	0.718627
0.913725	0.690196
0.926471	0.652941
0.707843	0.696078
0.75098	0.829412
0.812745	0.847059
0.622549	0.582353
0.801961	0.768627
0.906863	0.617647
0.541176	0.486274
0.666667	0.54902
0.656863	0.691177
0.720588	0.593137
1.05882	0.519608
0.696078	0.645098
0.628431	0.62549
0.65	0.647059
0.677451	0.713725
0.671569	0.637255
0.648039	0.72451
0.794118	0.490196
0.656863	0.627451
0.651961	0.802941
0.633333	0.75
0.577451	0.590196
0.616667	0.704902
0.495098	0.559804
0.823529	0.698039
0.714706	0.532353
0.673529	0.643137
0.851961	0.739216
0.884314	0.765686
0.612745	0.544118
0.616667	0.647059
0.653922	0.745098
0.677451	0.706863
0.684314	0.735294
0.776471	0.732353
0.826471	0.617647
0.769608	0.5
0.838235	0.553922
0.780392	0.737255
0.958824	0.789216
0.633333	0.522549
0.735294	0.563726
0.730392	0.52451
0.673529	0.634314
0.882353	0.598039
0.501961	0.542157
0.602941	0.765686
0.906863	0.607843
0.77451	0.436274
0.980392	0.651961
0.888235	0.879412
0.710784	0.65098
0.852941	0.709804
0.867647	0.588235
0.560784	0.672549
0.729412	0.770588
0.903921	0.812745
0.696079	0.720588
0.683333	0.634314
0.60098	0.659804
0.760784	0.773529
