0.72037	0.85
0.714815	0.787963
0.874074	0.807407
0.844444	0.796296
0.817593	0.812037
0.781481	0.918518
0.737037	0.860185
0.672222	0.797222
0.790741	0.757407
0.637037	0.827778
0.819444	0.810185
0.708333	0.592593
0.709259	0.82963
0.726852	0.726852
0.796296	0.587963
1.0463	0.722222
0.746296	0.847222
0.691667	0.787037
0.801852	0.758333
1.31019	0.680556
0.738889	0.768519
0.737037	0.833333
0.908333	0.832407
0.787963	0.742593
0.582407	0.715741
0.908333	0.790741
0.853704	0.927778
0.890741	0.778704
0.653704	0.725926
0.72963	0.657407
0.806481	0.77963
0.690741	0.644444
0.713889	0.783333
0.711111	0.727778
0.902778	0.872222
0.842593	0.671296
0.827778	0.817593
0.9	0.800926
0.638889	0.717593
0.738889	0.896296
0.992593	0.9
0.769444	0.77037
0.684259	0.766667
0.557407	0.683333
0.751852	0.833333
0.87037	0.712963
0.683333	0.756481
0.709259	0.694444
0.834259	0.855555
0.705556	0.72963
0.764815	0.712963
0.771296	0.866667
0.834259	0.931481
0.72963	0.701852
0.601852	0.617593
1.06481	0.833333
0.888889	0.726852
0.686111	0.749074
0.717593	0.936111
0.799074	0.702778
0.726852	0.462963
0.737037	0.712963
0.861111	0.744444
0.775926	0.555556
0.705556	0.756481
0.833333	0.888889
0.865741	0.707407
0.791667	0.796296
0.72037	0.892593
0.759259	0.666667
0.766667	0.812963
1.02315	0.805556
0.74537	0.858333
0.832407	0.750926
0.87963	0.805556
0.638889	0.722222
0.8	0.809259
0.72037	0.673148
0.682407	0.750926
0.785185	0.680556
1.07593	0.825926
0.893518	0.583333
0.835185	0.944444
0.935185	0.666667
0.574074	0.527778
0.805556	0.825
0.738889	0.805556
0.875926	0.925
0.556481	0.706482
0.891667	0.780555
0.77037	0.677778
0.822222	0.788889
0.925926	0.851852
0.692593	0.785185
0.72963	0.841667
0.793518	0.838889
0.806482	0.677778
0.855556	0.840741
0.730556	0.680556
0.630556	0.675926
