1.95263	2.29123
1.99561	2.4693
1.66228	1.79649
2.25263	2.62895
1.77895	1.94386
1.89035	1.89035
1.54386	1.81667
1.96667	2.24123
1.82193	2.18772
1.98421	2.04649
1.75789	1.9114
1.89211	2.17807
1.92632	2.12632
1.55614	1.69386
2.0614	2.24211
1.53509	1.78947
1.33596	1.46579
1.85088	1.54386
1.87281	1.69737
2.25877	2.43597
1.79123	2.05877
2.16667	2.18772
1.74123	2.13158
1.82105	2.12632
2.37368	2.62807
2.12719	2.19737
2.1307	2.27895
2.36316	2.6193
1.87982	2.17456
1.24737	1.5
1.45526	1.71579
2.89737	3.44211
1.55965	1.81754
1.64386	1.89298
1.78684	1.74474
1.92456	2.14737
1.62456	1.80351
1.49474	1.69123
1.69474	2.08509
2.40789	2.3114
2.51228	2.54737
1.28947	1.37719
2.05	2.10439
1.2193	1.41667
1.90526	2.1614
1.8	2.26403
1.71491	2.07193
1.16667	1.5
2.50614	2.77982
2.07456	2.23421
1.85526	1.87281
1.92105	2.14474
2.53421	2.90614
1.98246	2.37544
1.74123	1.84649
1.75702	1.82632
1.65965	1.83947
1.72193	1.96316
1.65	2.11403
2.01754	2.15263
0.955263	1.1114
1.34386	1.5693
1.69298	1.70175
1.9307	2.07982
1.38246	1.54912
2.32719	2.48947
1.83947	2.26403
2.04912	2.45088
1.8693	2.10526
2.10351	2.40965
1.40088	1.62982
1.43333	1.69737
1.22544	1.3693
1.47895	1.71667
1.94912	2.03509
1.94561	2.24912
2.42105	2.79474
1.22632	1.4614
1.50263	1.72632
1.62105	1.8193
2.02982	2.25175
1.78333	1.93596
1.54561	1.82193
1.49737	1.96228
1.53158	1.8193
2.13772	2.39561
1.29561	1.65702
2.02368	2.43158
1.84298	2.11316
1.41579	1.65439
2.35877	2.66403
2.22368	2.66053
1.80088	2.13333
1.67982	2.07018
1.46404	1.77105
2.03509	2.34298
2.31754	2.60351
1.71579	1.73158
1.98509	2.30351
1.79825	2.00877
0.887719	1.01228
0.92807	0.913158
0.855263	0.757017
0.979825	1.13772
0.845614	0.85614
1.02632	0.785088
0.777193	0.802632
0.957017	0.884211
0.822807	0.885088
1.02807	1
1.03947	0.963158
1.0807	1.04737
1.11491	1.09123
0.887719	0.914035
1	1.09561
0.942982	0.907895
0.749123	0.516667
1.24561	0.815789
1.15789	0.890351
1.00088	0.93421
0.907018	0.875439
0.996491	0.889474
0.917544	1.06667
0.885965	1.01491
1.02719	0.908772
1.01316	0.947368
1.10789	0.94386
0.964912	0.705263
0.994737	0.983333
0.670175	0.698246
0.942105	0.784211
1.15439	1.12982
0.861404	0.848246
0.757895	0.812281
0.969298	0.918421
1.02281	0.949123
0.800877	0.812281
0.892982	0.945614
0.759649	0.867544
1.36404	0.907895
1.22807	1.06842
0.745614	0.79386
0.986842	0.932456
0.723684	0.622807
0.805263	0.920175
0.892982	0.974561
0.805263	0.821053
0.675439	0.622807
1.08684	0.988596
1.12719	1.09825
0.938596	0.653509
0.741228	0.701754
1.07105	0.94386
0.912281	0.935088
0.776316	0.872807
0.849123	0.807018
1.00877	0.982456
0.909649	0.854386
0.664035	0.891228
0.821053	0.640351
0.665789	0.7
0.764035	0.76579
1.11404	0.732456
1.02456	1.00088
0.764912	0.966667
1.16754	0.999123
0.785088	0.833333
0.767544	0.87807
0.92807	0.996491
0.890351	0.881579
0.85	0.842105
0.869298	0.924561
0.847368	0.698246
0.937719	0.917544
1.21228	0.992105
0.828947	0.762281
0.892982	1.02895
0.840351	0.794737
0.863158	0.862281
0.814035	0.782456
1.06754	0.921053
0.960527	0.691228
0.9	0.868421
0.763158	0.768421
0.873684	1.0193
1.10088	0.944737
0.735965	0.796491
0.920175	0.892105
0.87807	0.986842
0.950877	0.877193
0.969298	0.905263
0.829825	0.901754
0.990351	0.981579
0.881579	0.899123
0.869298	0.827193
0.764912	0.72193
1.02982	0.961403
1.20439	1.08421
0.927193	0.838597
0.903509	0.79386
