1.5	0
0.75	0.527778
0	0
2	0.0833333
0	0
2.13889	0.0833333
0.644444	0.2
0	0.222222
1.05556	0.333333
1.05556	0.5
4.30556	0.5
0.722222	0.0555556
0.266667	0.0666667
0.166667	0.0833333
0.166667	0.166667
0.166667	0.277778
1.5	0
0	0.111111
0.333333	0.333333
0.722222	0
1.11111	0.444444
0.866667	0
2.05	0.5
2.5	0.388889
2.16667	0
0.411111	0.555556
2.33333	0.111111
1.83333	0.388889
1.33333	1.27778
0.566667	0.266667
0.333333	0.333333
0	0
0	0
0	0
0.722222	0
2.1	0.3
0.333333	0.444444
2.25	0
0.6	0.4
1.5	0
0.416667	0.416667
0.333333	0.333333
0.666667	0.166667
0.8	0.7
1.83333	0.333333
1.83333	0.333333
0.366667	0.25
1.83333	0.5
1.5	0.472222
0.333333	0.166667
4	0.166667
1.94444	0.111111
0	0.305556
2.08333	0.5
2.5	0
1.5	0.166667
1.83333	0
0.777778	0.355556
0.333333	0.0666667
2.33333	0.388889
0.266667	0.133333
1.5	0
0.333333	0.366667
2.66667	0.2
0	0
0	0.111111
0.972222	0.5
0.6	0.4
1.5	0
1.5	0.166667
1.5	0
0.6	0.533333
0.844444	0.266667
2.2	0.133333
0.666667	0
1.83333	0
0.555556	0
0	0.222222
0.733333	0.5
0	0.416667
1.83333	0.333333
0.555556	0.527778
2.08333	0.416667
0.555556	0.388889
1.01111	0
0.722222	0.388889
2.16667	0.333333
0	0.222222
0	0.111111
1.06667	0.933333
1.03333	0.466667
1.75	0
2.11111	0.277778
0.722222	0.222222
0.833333	0.5
0.333333	0.5
0.666667	0.111111
0.333333	0.333333
3.58333	0
0.833333	0.333333
1.5	0
0.583333	0
0	0
2	0
0	0
2.13889	0
0.777778	0
0	0
1.05556	0
1.05556	0
4.08333	0
0.722222	0
0.266667	0
0.166667	0.0833333
0.166667	0
0.166667	0
1.5	0
0	0
0.388889	0
0.722222	0
1.11111	0
1.1	0
1.91667	0
2.5	0
2.16667	0
0.377778	0
2.33333	0
1.83333	0
0.333333	0
0.677778	0
0.333333	0
0	0
0	0
0	0
0.722222	0
2.1	0
0.333333	0
2.33333	0.194444
0.483333	0
1.5	0
0.416667	0
0.333333	0
0.666667	0
0.8	0
1.83333	0
1.83333	0
0.733333	0
1.83333	0
1.55556	0
0.333333	0
4	0
1.94444	0.111111
0.0277778	0
2.08333	0
2.5	0
1.5	0
1.83333	0
0.777778	0
0.333333	0
2.55556	0
0.266667	0
1.5	0
0.333333	0
2.66667	0
0	0
0	0
0.972222	0
0.533333	0
1.5	0
1.5	0
1.5	0
0.6	0
0.844444	0
2.2	0
0.666667	0
1.83333	0
0.555556	0
0	0
0.733333	0
0	0
1.83333	0
0.444444	0
1.86111	0
0.555556	0
1.24444	0
0.722222	0
2.16667	0
0	0.111111
0	0
0.8	0
1.02222	0
1.75	0
2.11111	0
0.722222	0
0.833333	0
0.333333	0
0.666667	0
0.333333	0
3.58333	0
0.833333	0
