0.5	0.325
2.625	0
0.975	0.533333
1.08333	0.291667
0.708333	0.291667
0.958333	0.375
1.375	0.25
0.425	0.275
1.20833	0.75
1.2	0.691667
1.54167	0.875
0.666667	0.208333
2.6875	0.25
1.675	1.3125
0.666667	0.145833
2.04167	0.4375
0.541667	0.479167
1.75	0.0416667
1.4375	0.1875
1.5625	0.5375
0.6875	0.35
1.375	1.225
1.79167	0.25
1.33333	0.791667
0.383333	0.483333
1.6	0.6375
0.916667	0.666667
1.4375	0.0625
1.375	0.729167
1.125	0.125
0.333333	0.166667
1.875	0.625
0.541667	0.0333333
0.5	0.25
0.15	0.283333
2.6875	0.125
3.08333	0.0833333
0.645833	0.458333
0.8125	0.583333
0.854167	0.645833
0.625	0.25
1.52083	0.125
1.1	0.625
0.416667	0
1.125	0
1.4375	0.0625
3.39583	0.75
0.708333	0.291667
1.29167	0.4375
1.05	1.225
0.875	0.75
1.5	0.125
0.383333	0.566667
1.16667	0.666667
0.375	0.45
0.541667	0.125
2.2125	0.9
2.08333	0.604167
0.666667	0.0416667
1.05	0.9
1.0625	0.291667
1.125	0.125
0.7625	0.125
0.725	0.6
1.3125	0
0.8	0.591667
1.08333	0.766667
1.16667	0.333333
0.3125	0
1.375	0.1875
1.125	0.541667
1	0.833333
1.4375	0.1875
1.5	0.0625
0.6875	0.525
0.25	0.391667
0.6875	0.520833
0.191667	0.308333
0.725	0.516667
1.375	0.25
0.7875	0.704167
0.8375	0.25
1.875	0.8125
1.08333	0.5
0.666667	0.25
1.125	0.75
1.375	0.125
0.770833	0.645833
1.375	0.375
1	0.541667
0.5	0
2.0625	0.875
1.125	0
0.666667	0.375
1.29167	0.0833333
0.9625	1.0875
2.04167	0.625
0.791667	0.625
0.65	0.625
0.541667	0.166667
0.525	0
2.625	0
0.958333	0
1.08333	0
0.541667	0
0.458333	0
1.375	0
0.425	0
0.708333	0
0.991667	0
1.54167	0
0.666667	0
2.6875	0
1.075	0
0.666667	0
1.95833	0
0.583333	0
1.75	0
1.4375	0
1.3875	0
0.6875	0
0.7	0
1.79167	0.0833333
1.25	0
0.316667	0
1.45	0
0.916667	0
1.4375	0
1.125	0
1.125	0
0.333333	0
1.875	0
0.858333	0.0666667
0.5	0
0.508333	0
2.6875	0
3	0
0.625	0
0.6875	0
0.854167	0
0.625	0
1.52083	0
0.6	0
0.416667	0
1.125	0
1.4375	0
3.22917	0
0.708333	0
1.29167	0
0.55	0
0.625	0
1.5	0
0.416667	0
0.666667	0
0.191667	0
0.541667	0
2.0625	0
1.91667	0
0.666667	0
0.625	0
0.895833	0
1.125	0
0.8125	0.05
0.725	0
1.3125	0
0.8	0
1.1	0
1.08333	0
0.3125	0
1.375	0
1.25	0.208333
0.5	0
1.4375	0
1.5	0
0.6125	0
0.375	0.025
0.4375	0
0.366667	0
0.883333	0
1.375	0
0.770833	0
0.7625	0
1.54167	0
1.08333	0
0.666667	0
1.275	0
1.375	0
0.895833	0
1.375	0
0.916667	0
0.5	0
1.5625	0
1.125	0
0.666667	0
1.29167	0
0.6	0
1.79167	0
0.604167	0
0.65	0
0.541667	0
