1.09	1.32
1.9	0.6
0.53	0.626667
0.373333	0.386667
0.44	0.18
0.8	0.233333
0.966667	0.433333
0.493333	0.733333
0.733333	0.2
1.15	0.05
0.693333	0.36
0.9	0.74
1.7	0.5
0.32	0.08
1.33333	0.966667
1.45	0.35
0.626667	0.713333
1.43333	0.133333
0.5	0.18
2.2	0.1
1.15	0
1.55	0.5
1.06667	0.533333
1.26667	0.766667
1.8	0.5
1.13	0.18
1.2	1.16667
0	0.0666667
0.726667	0.753333
1.26667	0.3
0.626667	0.566667
0.433333	0.1
0.633333	0.366667
0.72	0.49
0.35	0.5
0	0.0666667
0.28	0.08
0.37	0.14
0.866667	0.383333
0.25	0.403333
0.34	0.24
1.2	0.733333
0.983333	0.566667
0.553333	0.633333
1.93333	0.8
0.9	0
0.72	0.326667
0.7	0.266667
1.3	0.3
0.88	0.893333
0.506667	0.186667
0.673333	0.43
0.12	0.16
0.373333	0.306667
0.29	0.11
1.48333	0.433333
0.75	0.6
0.633333	0.1
0.81	1.15667
0.946667	0.82
0.466667	0.233333
0	0.0666667
0.6	0.316667
1.06667	0.7
0.433333	0.15
0.566667	0.133333
1.1	1.22
0.766667	0.516667
0.05	0.25
0.666667	0.466667
1.25	0.15
0.3	0.3
0.2	0.4
1.43	0.16
0.9	0
0.946667	1.11333
2.6	0.6
0.673333	0.78
0.813333	0.646667
1.84	0.68
0.866667	0.4
0.67	0.47
0.633333	0.3
1.18	0.3
0.84	0.76
1.15	0.1
0.95	0.816667
1.58333	0.383333
1.1	0.633333
1.35	0.45
1.66667	0.633333
0.726667	1.09333
1.4	0.3
0.92	1.29
0.8	0.88
0.86	0.78
0.633333	0.133333
1.98333	0.85
0.9	0.5
0.526667	0.54
0.45	0
1.86	0
0.453333	0.0566667
0.246667	0
0.553333	0
0.666667	0
1.06667	0.0333333
0.413333	0
0.733333	0
1.15	0
0.56	0
0.7	0
1.56667	0
0.32	0
0.966667	0
1.45	0
0.533333	0
1.43333	0
0.5	0
2.2	0
1.15	0
1.55	0
0.666667	0
0.866667	0
1.73333	0
1.15	0
0.733333	0
0	0
0.736667	0
1.26667	0
0.58	0
0.433333	0
0.666667	0
0.72	0
0.3	0
0	0
0.28	0
0.37	0
0.866667	0
0.31	0.0833333
0.34	0
1	0
0.783333	0
0.353333	0
2	0
0.9	0.1
0.806667	0
0.833333	0
1.1	0
0.48	0
0.506667	0
0.776667	0.0133333
0.12	0
0.373333	0
0.29	0
1.41667	0
0.783333	0
0.633333	0
0.533333	0
0.906667	0
0.5	0
0	0
0.616667	0
1.03333	0
0.433333	0
0.566667	0
0.7	0
0.7	0
0.05	0
0.666667	0
1.25	0
0.34	0.09
0.2	0
1.43	0
0.9	0
0.706667	0
2.4	0
0.366667	0
0.733333	0
1.76	0
0.666667	0
0.723333	0
0.846667	0.06
1.18	0
0.946667	0
1.15	0
0.65	0
1.45	0
0.9	0
1.35	0
1.46667	0
0.626667	0
1.4	0
0.58	0
0.6	0
0.46	0
0.633333	0
1.65	0
0.633333	0
0.516667	0
