0.916667	0.638889
2.36111	0.694444
0.591667	0.566667
2.625	0.847222
0.705556	0.422222
1.125	0.375
0.555556	0.366667
0.861111	0.416667
0.694444	0.722222
0.591667	0.116667
1.08333	0.416667
0.666667	0.305556
0.75	0.194444
0.558333	0.897222
1.18056	0.861111
0.847222	0.458333
0.655556	0.455556
0.627778	0.855556
0.583333	0.761111
0.861111	0.861111
0.572222	0.744444
0.611111	0.0555556
0.958333	0.0416667
0.388889	0.305556
1.13889	0.805556
1.375	0.958333
0.394444	0.561111
0.902778	0.730556
0.222222	0.161111
1.11111	0.75
1.11111	0.805556
0.266667	0.394444
0.827778	0.688889
0.833333	0.472222
1.02222	0.722222
1.08333	0.333333
0.372222	0.683333
1	0.694444
0.513889	0.375
0.283333	0.511111
0.413889	0.252778
2.25	0.569444
1.52778	0.611111
0.833333	0.458333
0.677778	0.805556
0.611111	0.305556
0.513889	0.152778
0.805556	0.138889
0.833333	0.222222
0.666667	0.333333
0.352778	0.191667
0.722222	0.75
0.380556	0.4
0.633333	0.727778
0.7	0.583333
0.486111	0.152778
1.08333	0.638889
0.833333	0.875
1.45833	0.75
1.30556	0.388889
0.333333	0.625
0.972222	0.722222
0.772222	0.811111
1.16667	1
0.930556	0.763889
1.08333	0.333333
1.02778	0.638889
1.05556	0.888889
0.691667	0.622222
1.875	0.166667
1.58333	0.861111
0.8	0.788889
1.12222	1.74722
0.283333	0.488889
0.902778	0.569444
0.483333	0.325
0.994444	1.02778
1.25	0.972222
0.972222	1.02778
0.958333	0.125
0.536111	0.611111
0.672222	0.997222
0.666667	0.222222
1.36111	0.291667
0.35	0.35
0.927778	1.04444
0.805556	0.625
0.433333	0.716667
1.20833	0.777778
1.64167	1.70833
2.01389	1.34722
0.680556	0.511111
2.65278	1
1.27778	1.08333
0.322222	0.4
1.2	0.358333
1.84722	0.972222
1.875	0.166667
0.688889	0.830556
1.13333	0.3
0.694444	0
2.18056	0
0.391667	0
2.29167	0
0.711111	0
1.125	0
0.4	0
0.916667	0.111111
0.361111	0
0.591667	0
1.08333	0
0.666667	0
0.75	0
0.494444	0
0.625	0
0.541667	0
0.544444	0
0.447222	0.0222222
0.605556	0
0.861111	0
0.516667	0
0.611111	0
0.958333	0.125
0.527778	0
0.805556	0
1.04167	0
0.438889	0
0.794445	0
0.227778	0
0.777778	0
0.944444	0
0.233333	0
0.705555	0
0.805556	0
0.825	0
1.08333	0
0.255556	0
0.833333	0
0.430556	0
0.294444	0
0.494444	0
2.08333	0
1.52778	0
0.833333	0
0.455556	0
0.583333	0
0.513889	0.222222
0.805556	0
0.833333	0
0.666667	0
0.402778	0
0.505556	0.0333333
0.127778	0
0.355556	0
0.633333	0
0.486111	0
0.861111	0
0.722222	0.0833333
1.29167	0
1.13889	0
0.333333	0
0.75	0
0.727778	0
0.694444	0
0.486111	0
0.916667	0
0.777778	0.166667
0.722222	0
0.752778	0
1.875	0.166667
1.25	0
0.6	0
0.508333	0
0.252778	0
0.847222	0
0.525	0
0.533333	0
1.13889	0
0.638889	0
0.958333	0
0.475	0
0.430556	0
0.666667	0
1.30556	0
0.35	0
0.372222	0
0.75	0
0.388889	0
1.04167	0
0.658333	0
1.18056	0
0.691667	0
2.29167	0
0.611111	0
0.377778	0.0333333
1.16667	0
1.68056	0
1.875	0
0.444444	0
1.13333	0
