0.928571	0.464286
0.764286	0.757143
0.447619	0.852381
1.08333	0.928571
1.08333	0.488095
0.666667	0.528571
0.678571	0.321429
1.2619	0.845238
1.41667	0.714286
0.595238	0.214286
0.107143	0.607143
1.08571	1.20714
0.92381	1.29048
0.67619	0.864286
0.721429	0.535714
0.428571	0.295238
0.714286	0.666667
1.19048	0.142857
0.714286	0.714286
0.67381	0.704762
0.578571	0.528571
0.940476	0.238095
1.59524	1.0119
1.16667	0.952381
0.419048	0.32381
1.92857	0.809524
0.75	0.464286
0.609524	0.97619
0.816667	0.95
0.528571	0.590476
0.519048	0.635714
0.514286	0.742857
1.16667	0.976191
0.559524	0.392857
1.57143	1.29762
0.678571	0.921429
0.666667	0.380952
0.761905	0.65
1.34524	0.797619
1.47619	0.714286
0.480952	0.666667
0.771429	0.988095
2.32143	0.690476
1.39286	1.22619
1.75	0.25
0.666667	0.866667
0.916667	0.75
1.14286	0.571429
1.16667	1.04762
1.07143	0.97619
0.571429	0.657143
0.27619	0.361905
0.85	1.00714
0.809524	0.238095
0.3	0.214286
0.547619	0.309524
0.666667	1.03333
0.880952	0.380952
0.72619	0.440476
0.976191	0.214286
2.04762	0.666667
1.38095	0.571429
0.678571	0.309524
0.642857	0.619048
0.219048	0.516667
0.37381	0.37619
0.352381	0.459524
0.726191	0.559524
0.75	0.345238
0.821429	0.654762
0.559524	0.642857
0.745238	0.938095
0.992857	1.07143
0.952381	0.690476
0.457143	0.652381
2.47619	0.940476
0.557143	0.4
0.709524	0.895238
1	0.261905
0.321429	0.22619
1.39048	1.5619
0.521429	0.564286
0.97619	0.785714
0.628571	0.852381
0.55	0.592857
0.857143	0.142857
0.72619	0.559524
0.542857	0.414286
1.11905	1.13571
1.29762	1.61905
0.52381	0.047619
0.357143	0.0714286
0.714286	0.214286
0.666667	0.380952
0.590476	0.642857
1.08333	0.785714
0.833333	1.04762
0.369048	0.685714
0.688095	0.692857
1.40476	1.11905
0.928571	0
0.364286	0
0.295238	0
1.05952	0
0.940476	0
0.604762	0.147619
0.630952	0.0119048
0.821428	0
1.13095	0
0.571429	0
0.107143	0.107143
0.828571	0.0857143
0.285714	0
0.488095	0
0.564286	0.0142857
0.433333	0.0047619
0.809524	0
1.19048	0
0.571429	0
0.32619	0
0.464286	0
0.845238	0
1.02381	0
0.738095	0.0714286
0.478571	0.133333
1.64286	0
0.678571	0
0.466667	0
0.6	0
0.347619	0
0.380952	0
0.457143	0
0.880952	0
0.559524	0
0.952381	0
0.335714	0
0.666667	0
0.730952	0
1.05952	0
1.2381	0
0.252381	0
0.690476	0
2.08333	0
0.916667	0
1.75	0.0357143
0.380952	0
0.702381	0
1.04762	0.107143
0.690476	0.0714286
0.595238	0
0.371429	0
0.27619	0
0.65	0
0.809524	0
0.157143	0
0.547619	0
0.152381	0
0.880952	0
0.630952	0
0.976191	0
2.0119	0
1.28571	0
0.678571	0
0.547619	0
0.202381	0
0.392857	0.00952381
0.404762	0.1
0.654762	0
0.75	0
0.535714	0
0.559524	0
0.669048	0
0.664286	0
0.857143	0.214286
0.138095	0
2.21429	0.0714286
0.414286	0
0.652381	0
0.857143	0
0.345238	0
0.571429	0
0.364286	0
0.880952	0
0.404762	0
0.528571	0
0.857143	0.0357143
0.678571	0
0.542857	0
0.988095	0
0.492857	0
0.52381	0.047619
0.357143	0
0.714286	0
0.523809	0
0.390476	0
1.04762	0
0.464286	0
0.385714	0
0.595238	0.0190476
0.869048	0
