0.245833	0.479167
0.514583	0.620833
0.84375	1.00625
0.860417	1.13125
1.20833	0.59375
0.66875	0.539583
1.11458	0.760417
0.504167	1.05417
1.97917	0.78125
0.979167	0.46875
0.879167	0.75
0.795833	0.945833
0.758333	1.04167
0.552083	0.354167
0.59375	0.4375
0.625	0.65
0.677083	0.90625
0.179167	0.2375
0.520833	0.625
0.622917	0.952083
1.09375	0.635417
0.735417	1.025
1.25	0.8125
0.575	0.558333
0.9375	0.84375
0.84375	0.28125
0.5875	0.45625
0.427083	0.604167
0.5125	0.752083
0.84375	0.40625
0.883333	0.972917
0.447917	0.114583
0.875	0.802083
0.41875	0.5
0.41875	0.770833
0.516667	0.633333
0.75	0.7
0.625	0.71875
0.447917	0.270833
1.4375	0.927083
0.333333	0.114583
1.65625	0.71875
0.120833	0.270833
0.65	0.947917
0.53125	0.797917
0.745833	1.24583
1.125	0.96875
0.625	0.75625
0.572917	0.791667
0.283333	0.45
0.458333	0.885417
0.79375	0.841667
0.4125	0.872917
0.479167	0.4375
0.858333	1.24583
0.59375	0.416667
1.03125	0.864583
1.11458	0.739583
0.533333	0.60625
1.6	1.0875
0.541667	0.416667
0.702083	0.785417
0.5	0.739583
0.577083	0.552083
0.51875	0.985417
0.470833	0.475
0.854167	0.5625
0.770833	0.6875
0.770833	0.958333
0.897917	0.929167
0.833333	0.75
0.90625	0.5
0.591667	0.516667
0.304167	0.404167
0.708333	0.416667
0.958333	0.427083
0.547917	0.789583
1.14583	0.541667
0.770833	1.10208
0.479167	0.25
1.05208	0.53125
0.604167	0.752083
0.5	0.333333
0.504167	0.86875
0.6875	1.18958
0.833333	0.75
0.604167	0.791667
0.45	0.566667
0.708333	0.895833
0.5625	0.354167
1.35417	0.729167
0.472917	0.94375
0.208333	0.15625
0.408333	0.6
0.622917	0.995833
1.02083	0.5625
0.972917	0.916667
1.01042	0.947917
0.675	0.78125
0.6875	0.4375
0.266667	0
0.402083	0.0916667
0.73125	0
0.689583	0
1.125	0.166667
0.685417	0
0.864583	0
0.4	0
1.80208	0
0.979167	0
0.808333	0
0.475	0
0.425	0
0.46875	0
0.59375	0
0.375	0
0.477083	0
0.233333	0.0166667
0.270833	0
0.483333	0
0.96875	0
0.46875	0
0.875	0.09375
0.508333	0
0.770833	0.114583
0.84375	0
0.4875	0
0.177083	0
0.31875	0.00833333
0.802083	0
0.529167	0
0.447917	0
0.791667	0
0.447917	0
0.316667	0.16875
0.404167	0.183333
0.575	0
0.5	0
0.447917	0
1.02083	0
0.333333	0
1.40625	0
0.1375	0
0.38125	0
0.266667	0
0.289583	0
0.885417	0
0.55	0
0.458333	0
0.295833	0
0.197917	0
0.54375	0
0.466667	0
0.354167	0
0.608333	0
0.59375	0
0.78125	0
0.864583	0.0208333
0.422917	0
1.175	0
0.541667	0
0.520833	0
0.279167	0
0.54375	0
0.295833	0.0208333
0.445833	0.125
0.5625	0
0.6875	0
0.354167	0
0.941667	0
0.645833	0
0.78125	0
0.575	0
0.204167	0
0.666667	0
0.875	0.09375
0.4875	0
1.02083	0
0.447917	0
0.5	0.0833333
0.927083	0
0.29375	0
0.5	0
0.49375	0
0.452083	0.216667
0.6875	0.0416667
0.1625	0
0.33125	0
0.625	0
0.5625	0
1.1875	0
0.2375	0
0.208333	0
0.141667	0
0.504167	0
0.9375	0
0.66875	0
0.59375	0
0.614583	0
0.6875	0
