0.624074	0.692593
0.842593	1.23889
0.177778	0.37037
0.503704	0.8
0.557407	0.692593
0.722222	0.62963
1.89815	0.685185
0.596296	0.587037
0.737037	0.814815
1.56481	0.537037
1.38889	0.722222
0.814815	0.861111
0.5	0.314815
0.337037	0.457407
0.831481	1.09259
0.648148	0.194444
0.662963	0.648148
0.424074	0.524074
0.551852	0.866667
0.653704	0.737037
0.592593	0.351852
1.44444	0.833333
0.561111	0.75
1.2037	0.907407
0.783333	0.961111
0.611111	0.877778
0.687037	0.633333
0.898148	1.14815
1.03704	0.62037
0.685185	0.555556
0.677778	0.561111
0.898148	1.01852
0.851852	1.00926
0.6	0.681481
0.740741	1.16667
0.366667	0.792593
0.309259	0.353704
0.553704	0.67037
0.431481	0.703704
0.690741	0.785185
1.36111	0.25
0.824074	0.462963
0.907407	0.685185
0.925926	0.277778
0.62037	0.666667
0.537037	0.388889
0.42963	0.544444
0.255556	0.551852
0.451852	0.874074
0.748148	1.25926
1.07778	1.26667
0.872222	1.35
0.777778	0.518519
0.461111	0.625926
0.492593	0.877778
0.411111	0.592593
1.15741	0.916667
1.02222	1.28889
0.555556	0.5
0.824074	0.851852
0.796296	0.518519
1.18704	1.25741
0.635185	0.998148
0.42963	0.440741
0.888889	0.916667
0.485185	0.648148
1.65741	0.398148
0.7	0.655556
0.244444	0.248148
0.657407	0.653704
0.803704	1.05
0.694444	0.583333
0.325926	0.568519
0.564815	0.762963
1.30556	0.916667
1.20926	1.33333
0.703704	0.574074
0.807407	1.05926
0.5	0.148148
1.06296	1.17222
0.37037	0.462963
0.601852	0.666667
0.611111	0.453704
0.555556	0.866667
0.592593	0.277778
0.633333	0.555556
1.11111	1.07407
0.737037	0.701852
0.666667	0.564815
0.925926	0.796296
0.642593	1.11667
0.557407	0.77963
0.624074	0.725926
0.472222	0.792593
0.481481	0.398148
0.972222	0.648148
0.507407	0.764815
0.398148	0.668518
0.346296	0.546296
1.55741	1.76667
0.62037	0.12963
0.312963	0
0.192593	0
0.4	0
0.464815	0.1
0.574074	0
1.77778	0
0.483333	0
0.396296	0
1.52778	0
1.12963	0
0.62963	0
0.425926	0.0925926
0.275926	0
0.47037	0
0.648148	0.0925926
0.540741	0
0.381481	0
0.298148	0
0.694444	0
0.592593	0
0.87037	0
0.422222	0
0.722222	0
0.405556	0.0555556
0.305556	0
0.687037	0
0.490741	0
0.925926	0.037037
0.685185	0
0.566667	0
0.546296	0
0.518519	0
0.459259	0
0.311111	0
0.292593	0.0555556
0.301852	0
0.496296	0
0.483333	0
0.5	0.0222222
1.25	0
0.824074	0
0.648148	0
0.925926	0.0555556
0.472222	0.037037
0.5	0
0.392593	0.0037037
0.277778	0.148148
0.351852	0.2
0.222222	0
0.474074	0
0.488889	0
0.703704	0.0925926
0.433333	0
0.296296	0
0.174074	0
0.953704	0
0.47037	0
0.555556	0
0.601852	0
0.759259	0
0.672222	0
0.42037	0
0.381481	0
0.657407	0.0648148
0.355556	0
1.65741	0
0.655556	0
0.296296	0.0111111
0.683333	0
0.535185	0
0.694444	0
0.366667	0.0777778
0.457407	0
0.861111	0
0.659259	0
0.703704	0.0277778
0.540741	0
0.5	0
0.712963	0
0.411111	0.00925926
0.435185	0.0462963
0.462963	0
0.488889	0
0.555556	0
0.633333	0
0.962963	0
0.535185	0
0.546296	0
0.814815	0
0.409259	0
0.337037	0
0.524074	0
0.335185	0.05
0.481481	0.0833333
0.935185	0
0.35	0
0.325926	0
0.277778	0
0.894444	0
