0.65	0.683333
1.00833	0.833333
0.958333	1.06667
1.39167	0.666667
0.75	0.983333
0.458333	0.691667
0.966667	0.458333
0.935	0.615
0.683333	0.416667
0.883333	1.18333
1.74167	1.16667
0.916667	0.341667
0.608333	0.55
0.816667	0.6
0.8	0.883333
0.33	0.31
0.6	0.633333
0.583333	0.475
0.458333	0.483333
1.03333	0.958333
0.695	0.64
0.6	0.39
1.06667	0.516667
0.925	0.65
0.9	0.666667
1.025	0.583333
0.358333	0.258333
1.025	1.295
0.5	0.366667
0.475	0.491667
1.45833	1.54167
0.733333	0.6
1.11667	0.816667
0.625	0.608333
0.625	0.616667
0.39	0.46
1.14167	0.875
0.641667	0.725
0.616667	0.7
0.608333	0.633333
0.75	0.635
1.175	0.608333
0.491667	0.3
0.883333	0.3
0.558333	0.5
1.16667	0.616667
1.03333	1
0.533333	0.325
1.81667	0.775
1	0.966667
0.366667	0.0166667
0.625	0.558333
0.566667	0.383333
0.408333	0.35
0.591667	0.3
0.833333	0.75
0.625	0.77
0.63	0.8
0.455	0.32
1.025	0.8
0.375	0.3
0.45	0.366667
0.991667	0.425
0.466667	0.466667
1.19167	0.958333
0.7	0.97
0.466667	0.0916667
0.508333	0.325
1.13333	1.08333
0.95	1.125
0.441667	0.341667
0.641667	0.516667
0.975	0.85
0.77	0.81
0.583333	0.525
0.885	0.82
0.9	0.425
0.7	0.566667
1.70833	1.1
1.51667	1.475
1.31667	0.983333
1.005	0.545
1.15	0.883333
1.54167	1.08333
0.766667	0.608333
0.616667	0.775
0.87	0.71
1.26667	0.791667
0.81	0.66
0.766667	0.7
0.37	0.475
0.775	0.541667
0.5	0.433333
1.00833	0.625
0.85	0.916667
0.875	0.641667
0.9	0.566667
0.525	0.4
0.858333	0.433333
0.68	0.82
0.383333	0
0.825	0
0.741667	0
1.05833	0.108333
0.458333	0.241667
0.325	0
0.85	0
0.765	0.12
0.683333	0.05
0.533333	0.0833333
0.941667	0.1
0.85	0.0333333
0.541667	0
0.416667	0
0.583333	0
0.32	0.01
0.433333	0
0.483333	0
0.416667	0.0583333
0.583333	0.0916667
0.465	0.07
0.5	0.01
0.933333	0
0.825	0
0.7	0.0666667
1.025	0
0.316667	0.108333
0.835	0
0.533333	0.116667
0.475	0
0.508333	0.0666667
0.533333	0
0.516667	0.166667
0.558333	0.025
0.566667	0.1
0.39	0
0.775	0.2
0.4	0.075
0.566667	0.025
0.475	0
0.49	0
0.875	0.0333333
0.341667	0.0916667
0.816667	0
0.425	0.075
0.966667	0.233333
0.725	0
0.333333	0
1.70833	0.15
0.708333	0.216667
0.366667	0
0.491667	0
0.566667	0
0.408333	0.00833333
0.533333	0.025
0.566667	0
0.315	0.06
0.39	0
0.455	0.13
0.725	0
0.375	0.015
0.45	0
0.991667	0
0.4	0
0.925	0
0.46	0
0.466667	0
0.508333	0
0.666667	0.0166667
0.44	0.125
0.441667	0.1
0.508333	0
0.783333	0
0.595	0
0.516667	0
0.435	0.165
0.85	0
0.525	0
0.825	0.0583333
0.866667	0
1.01667	0.191667
0.865	0.115
0.566667	0.1
1.275	0
0.466667	0
0.416667	0.05
0.52	0.07
1.05	0.208333
0.45	0.06
0.4	0.1
0.29	0.205
0.608333	0
0.4	0.116667
0.825	0.166667
0.575	0
0.733333	0.141667
0.775	0.0916667
0.291667	0
0.858333	0
0.435	0
