1.07273	1.12273
0.472727	0.584848
0.651515	0.598485
0.219697	0.307576
1.10606	0.810606
0.578788	0.751515
0.590909	0.484848
0.916667	0.659091
0.906061	1.1697
0.563636	0.937879
0.940909	1.29848
2.0303	1.25
0.666667	0.845455
0.55303	0.681818
0.619697	0.893939
0.628788	0.666667
0.933333	1.06364
0.809091	1.00606
0.475758	0.833333
0.412121	0.543939
0.492424	0.318182
0.663636	0.640909
0.74697	0.783333
0.834848	1.14242
0.762121	1.03333
0.507576	0.50303
1.02879	1.27273
0.407576	0.55
0.954545	0.984848
0.593939	0.70303
0.9	1.01212
0.368182	0.492424
0.64697	0.80303
0.493939	0.775758
0.895455	1.07424
0.962121	0.848485
0.843939	1.1197
0.704545	0.515152
0.851515	1.00455
0.630303	0.981818
0.869697	1.25152
0.543939	0.781818
1.12273	1.36818
0.436364	0.431818
1.19697	1.14394
0.854545	0.9
0.727273	0.704545
0.393939	0.418182
0.504545	0.810606
0.742424	0.651515
0.5	0.363636
1.68939	1.51515
0.637879	0.918182
1.34848	1
1.10606	0.954545
0.513636	0.795455
0.393939	0.606061
0.712121	0.706061
0.462121	0.356061
1.25	0.909091
0.727273	0.272727
0.360606	0.384849
1.31061	1.25758
0.637879	0.740909
0.795454	0.560606
1.14848	1.33939
1.21212	0.681818
0.772727	0.643939
1.02121	1.33636
0.80303	0.75
1.07576	1.05303
0.209091	0.321212
0.895455	0.781818
0.977273	0.636364
0.715152	1.04697
0.901515	0.719697
0.484848	0.672727
1.34091	1.07576
0.674242	0.772727
0.486364	0.634848
0.683333	0.954545
0.5	0.409091
0.740909	1.07727
0.584848	0.665152
0.648485	0.859091
0.790909	1.14242
0.737879	0.84697
0.721212	0.772727
0.836364	1.06364
0.84697	1.15606
0.575758	0.727273
0.237879	0.369697
0.521212	0.69697
0.901515	0.651515
0.724242	0.910606
0.928788	1.31212
0.6	1.03636
0.563636	0.860606
0.463636	0.509091
0.901515	1.04848
0.59697	0.0939394
0.484848	0.139394
0.530303	0.0530303
0.242424	0
0.924242	0.0984849
0.425758	0.0590909
0.560606	0.0606061
0.75	0.234848
0.342424	0.239394
0.430303	0.177273
0.40303	0.190909
1.23485	0.128788
0.290909	0.139394
0.492424	0.0530303
0.306061	0.0106061
0.537879	0.0606061
0.569697	0
0.454545	0.175758
0.321212	0.160606
0.425758	0.0227273
0.401515	0
0.3	0.245455
0.440909	0.0954545
0.465152	0.19697
0.454545	0.172727
0.490909	0.101515
0.415152	0.0909091
0.351515	0.00757576
0.742424	0.0606061
0.50303	0.106061
0.512121	0.139394
0.34697	0
0.368182	0.1
0.312121	0
0.55	0.127273
0.477273	0.227273
0.472727	0.172727
0.659091	0.181818
0.55303	0.154545
0.421212	0.193939
0.501515	0.0606061
0.462121	0.201515
0.677273	0.186364
0.4	0
0.689394	0.128788
0.478788	0.0484849
0.5	0.121212
0.30303	0.166667
0.427273	0.00151515
0.560606	0.0909091
0.5	0.181818
1.03788	0.378788
0.221212	0.0257576
0.621212	0.181818
0.712121	0.189394
0.39697	0.0545455
0.321212	0
0.5	0.245455
0.431818	0
1.04545	0.0757576
0.636364	0
0.351515	0.0515152
0.575758	0.265152
0.460606	0.115152
0.765151	0
0.4	0.109091
1.01515	0.0909091
0.409091	0.0681818
0.59697	0.228788
0.681818	0.204545
0.727273	0.234848
0.178788	0.0787879
0.722727	0.0954546
0.795455	0.0454545
0.487879	0.0621212
0.810606	0
0.29697	0.0242424
0.878788	0.166667
0.371212	0
0.398485	0.0454545
0.377273	0.127273
0.5	0
0.545455	0
0.595454	0.0242424
0.539394	0.201515
0.539394	0.133333
0.416667	0.139394
0.478788	0
0.221212	0.115152
0.527273	0.221212
0.484848	0.0454545
0.289394	0.0439394
0.293939	0.145455
0.613636	0.143939
0.510606	0.0969697
0.545455	0.15
0.521212	0.218182
0.390909	0
0.372727	0
0.45303	0.213636
