0.601389	0.786111
0.375	0.166667
0.819444	0.638889
0.875	1.15278
0.6125	0.9375
0.459722	0.743056
1.05556	0.777778
0.715278	0.736111
0.498611	0.716667
0.940278	0.911111
0.625	0.652778
1.10278	1.25972
0.515278	0.665278
0.9125	1.19306
1.12917	1.06667
1.52083	1.29167
1.12083	1.1375
0.813889	1.04028
0.833333	0.652778
0.85	1.05278
0.577778	0.640278
0.443056	0.597222
0.761111	0.898611
0.522222	0.306944
1.125	1.23889
0.616667	0.933333
1.27639	1.35417
0.722222	0.763889
1.40278	1.07639
1.25694	0.715278
0.644444	0.726389
0.811111	1.06806
0.990278	1.22222
0.819444	0.611111
1.05	1.45556
0.409722	0.625
0.798611	1.11806
0.477778	0.504167
0.533333	0.483333
0.755556	0.869444
1.15972	0.770833
0.427778	0.658333
0.902778	1.09028
0.6875	0.841667
0.891667	1.23333
0.794444	1.03194
0.611111	0.527778
0.618056	0.375
0.602778	0.888889
0.802778	0.969444
0.652778	0.736111
0.513889	0.5625
1.04861	0.895833
1.05278	1.35
0.680556	0.911111
1.13611	1.29167
1.14028	1.27639
0.523611	0.555556
0.640278	0.588889
0.845833	1.2125
0.758333	1.06111
0.416667	0.291667
0.369444	0.427778
0.956944	1.50139
1.13056	1.31667
0.709722	0.890278
0.583333	0.513889
0.763889	0.894444
1.11528	1.19444
0.843056	1.13611
0.583333	0.305556
1.56944	0.923611
0.638889	0.733333
0.258333	0.366667
0.738889	0.943056
1.14583	1
0.733333	1.01944
0.841667	1.08889
0.566667	0.716667
0.893056	1.04583
0.631944	0.777778
0.466667	0.547222
0.886111	1.15833
0.527778	0.583333
0.568056	0.966667
0.777778	0.736111
0.856945	0.765278
0.794444	1.06111
0.529167	0.579167
1.125	1.125
0.963889	0.994444
0.688889	0.994444
0.913889	0.975
1.98611	1.28472
0.430556	0.486111
1.025	1.31111
0.909722	1.125
1.24306	1.02778
0.741667	0.625
0.695833	1.06389
0.548611	0.102778
0.375	0.0416667
0.527778	0.0763889
0.458333	0
0.456944	0.148611
0.3375	0.1125
0.625	0.208333
0.513889	0.222222
0.441667	0.0597222
0.390278	0.227778
0.486111	0.0972222
0.436111	0.281944
0.45	0.173611
0.570833	0.198611
0.745833	0.233333
0.75	0.326389
0.4625	0.236111
0.404167	0.231944
0.611111	0.125
0.3	0.255556
0.548611	0.0791667
0.322222	0.0722222
0.508333	0.125
0.506944	0.0277778
0.491667	0.281944
0.45	0
0.795833	0.254167
0.555556	0.159722
0.701389	0.1875
0.895833	0.25
0.506944	0.186111
0.365278	0.190278
0.713889	0.205556
0.638889	0.0416667
0.395833	0.245833
0.394444	0.219444
0.425	0.166667
0.406944	0.143056
0.35	0.125
0.416667	0.130556
0.666667	0.201389
0.225	0.186111
0.548611	0.201389
0.426389	0.122222
0.579167	0.202778
0.440278	0.0277778
0.444444	0.0138889
0.590278	0.0763889
0.433333	0.227778
0.408333	0.191667
0.458333	0.0555556
0.5	0.0486111
0.708333	0.159722
0.502778	0.291667
0.331944	0.186111
0.572222	0.213889
0.426389	0.243056
0.390278	0.0236111
0.668056	0.0527778
0.440278	0.356944
0.355556	0.208333
0.416667	0
0.255556	0.0472222
0.420833	0.338889
0.6125	0.191667
0.616667	0.0805556
0.472222	0.138889
0.522222	0.302778
0.381944	0.340278
0.523611	0.370833
0.583333	0
1.08333	0.166667
0.377778	0.288889
0.258333	0.0666667
0.272222	0.194444
0.618056	0.25
0.444444	0.355556
0.508333	0.330556
0.316667	0.188889
0.4625	0.2625
0.520833	0.0763889
0.461111	0.0527778
0.375	0.430556
0.416667	0.0138889
0.445833	0.0444444
0.527778	0.222222
0.580556	0.229167
0.458333	0.113889
0.456944	0.108333
0.479167	0.236111
0.658333	0.313889
0.311111	0.0833333
0.516667	0.213889
1.28472	0.222222
0.402778	0
0.380556	0.127778
0.459722	0.147222
0.659722	0.0416667
0.55	0.141667
0.330556	0.0555556
