0.787179	1.04487
0.878205	0.929487
0.8	0.933333
1.38462	1.16026
1.26282	1.42179
0.692308	0.841026
1.02564	1.25256
0.905128	1.09231
1.21154	1.10897
0.870513	0.891026
0.876923	1.12692
1.20897	1.31026
0.405128	0.638461
1.55769	0.897436
0.817949	1.10513
1.33077	1.50256
0.973077	0.938461
0.994872	1.08205
1.20513	1.23077
1.45513	1.53974
1.57051	1.33333
1.16667	0.903846
0.815385	0.991026
0.667949	0.830769
1.08974	1.07051
0.733333	1.06154
1.35256	0.589744
0.965385	1.29103
0.526923	0.379487
0.987179	0.878205
0.45641	0.641026
1.37692	1.51795
0.732051	0.907692
0.833333	1.05385
1.15	1.36538
1.01795	1.34615
0.91282	0.961538
1.30385	1.43974
1.10897	0.647436
1.09103	1.24231
0.684615	0.953846
1.11154	1.27821
1.71282	1.70513
0.717949	0.938462
0.925641	1.10256
0.428205	0.497436
1.13462	1.0641
0.898718	1.09872
0.761539	1.00897
1.25513	1.37179
0.810256	1.10128
0.766667	0.725641
0.774359	0.661538
0.51282	0.564103
0.823077	1.14359
0.929487	0.939744
0.567949	0.803846
1.36538	0.423077
0.674359	0.887179
0.392308	0.412821
0.497436	0.5
1.22692	1.34231
0.64359	0.883333
0.780769	0.857692
1.28846	1.1859
0.788461	1
1.16154	1.46667
0.770513	0.920513
1.02564	1.22051
1.15128	1.32308
1.23077	1.64872
0.666667	0.692308
1.73333	1.55897
0.9	1.02308
0.735897	0.958974
0.592308	0.724359
1.80128	0.929487
0.320513	0.346154
1.38462	1.3141
1.03205	0.948718
1.46795	0.955128
1.00769	1.11923
0.635897	0.823077
0.910257	0.935897
0.516667	0.766667
0.760256	0.896154
0.725641	0.935897
0.898718	1.10897
0.538462	0.403846
0.805128	0.888461
0.99359	0.673077
0.884615	0.955128
1.02564	0.871795
1.41026	1.62308
0.566667	0.444872
0.838462	1.03333
1.41282	1.62692
1.08077	1.50641
1.02308	1.27179
1.39103	1.26923
0.4	0.244872
0.544872	0.128205
0.579487	0.141026
0.858974	0.333333
0.56282	0.334615
0.297436	0.187179
0.426923	0.369231
0.474359	0.351282
0.653846	0.25641
0.470513	0.294872
0.45641	0.251282
0.628205	0.334615
0.212821	0.166667
1.37179	0.173077
0.510256	0.141026
0.697436	0.235897
0.637179	0.30641
0.575641	0.179487
0.557692	0.365385
0.584615	0.370513
0.865385	0.403846
0.775641	0.134615
0.503846	0.35
0.594872	0.25641
0.5	0.384615
0.333333	0.289744
1.25	0.134615
0.464103	0.271795
0.571795	0.237179
0.679487	0.307692
0.282051	0.120513
0.489744	0.269231
0.370513	0.144872
0.523077	0.192308
0.576923	0.323077
0.576923	0.485897
0.458974	0.258974
0.502564	0.419231
0.50641	0.160256
0.482051	0.223077
0.444872	0.207692
0.542308	0.315385
0.70641	0.407692
0.408974	0.31282
0.602564	0.29359
0.325641	0.276923
0.692308	0.442308
0.332051	0.238462
0.392308	0.29359
0.55	0.325641
0.491026	0.330769
0.279487	0.0564103
0.538461	0.223077
0.466667	0.0769231
0.433333	0.369231
0.660256	0.285897
0.284615	0
1.16026	0.288462
0.346154	0.271795
0.238462	0.1
0.325641	0.107692
0.753846	0.280769
0.387179	0.19359
0.426923	0.169231
0.615385	0.23718
0.626923	0.466667
0.615385	0.460256
0.620513	0.238462
0.548718	0.258974
0.375641	0.276923
0.361538	0.360256
0.384615	0.0641026
0.858974	0.410256
0.58718	0.4
0.507692	0.29359
0.428205	0.0384615
1.46795	0.262821
0.346154	0.141026
0.647436	0.326923
0.583333	0.301282
0.974359	0.352564
0.644872	0.369231
0.246154	0.25641
0.589744	0.198718
0.371795	0.248718
0.555128	0.223077
0.403846	0.264103
0.585897	0.301282
0.538462	0
0.578205	0.257692
0.679487	0.326923
0.564103	0.160256
0.461538	0.153846
0.515385	0.338462
0.415385	0.1
0.597436	0.138462
0.710256	0.358974
0.55	0.338462
0.474359	0.289744
0.717949	0.410256
