1.36786	1.49762
0.880952	0.902381
1.13095	1.11786
0.783333	1.01905
1.50119	1.62857
1.33333	1.0119
1.32262	1.27976
1.31071	1.38333
1.17619	1.12976
0.885714	1.10952
1.18452	1.18452
0.860714	0.966667
1.70833	1.69524
0.728571	0.797619
1.125	1.22024
1.05238	1.11905
1	0.869048
0.853571	0.777381
0.942857	1.24286
1.23214	1.39643
0.883333	1.10833
1.575	1.88214
0.77619	0.927381
1.62738	1.74762
1.58929	1.85
0.830952	1.18095
1.08214	1.13571
1.26667	1.30357
1.34762	1.58333
1.12143	1.35
0.5	0.516667
1.35119	1.60357
0.635714	0.647619
0.977381	1.25119
0.666667	0.790476
0.880952	0.880952
1.16548	1.19048
1.34524	1.23214
1.00952	0.97381
1.11905	1.62024
1.46429	1.57143
0.738095	0.821429
1.22619	1.22619
0.547619	0.619048
1.025	1.2119
1.17619	1.36667
1.48571	1.75952
0.988095	0.910714
1.35952	1.59762
1.11905	0.904762
0.70119	0.670238
1.00595	1.20119
0.792857	1.13571
1.33333	1.49048
1.05238	1.26667
1.86071	1.65238
1.225	1.3619
0.608333	0.584524
1.17976	1.35
1.5	1.19643
0.807143	0.875
0.657143	0.778571
1.22619	1.20238
0.714286	0.657143
0.891667	0.904762
0.655952	0.95119
1.5119	1.74048
1.15238	1.21786
0.763095	0.928571
0.9	0.904762
1.50833	1.76548
1.27738	1.45
1.08929	0.970238
0.880952	1.09405
1.07381	1.22262
1.2119	1.25
1.12143	1.49881
0.886905	0.946428
0.775	0.886905
1.04167	1.23929
1.4881	1.11905
1.375	1.45238
1.14286	1.37857
1.23333	1.45952
1.45952	1.57738
1.2	1.34881
0.947619	1.14286
1.38095	1.16667
0.994048	1.2619
1.625	1.81548
1.31905	1.49524
1.29405	1.50714
0.595238	0.689286
1.26905	1.35714
0.94881	0.947619
0.888095	1.17381
1.22738	1.4881
1.01548	1.19524
0.808333	1.15952
1.29762	1.35119
0.542857	0.432143
0.504762	0.197619
0.525	0.254762
0.47381	0.485714
0.661905	0.578571
1.09524	0.345238
0.511905	0.466667
0.558333	0.485714
0.667857	0.467857
0.363095	0.403571
0.636905	0.297619
0.47619	0.334524
0.588095	0.422619
0.478571	0.257143
0.386905	0.244048
0.55	0.380952
0.690476	0.333333
0.65	0.288095
0.519048	0.357143
0.563095	0.507143
0.335714	0.325
0.511905	0.465476
0.453571	0.336905
0.635714	0.408333
0.739286	0.539286
0.447619	0.371429
0.582143	0.40119
0.545238	0.419048
0.479762	0.472619
0.434524	0.367857
0.434524	0.232143
0.532143	0.435714
0.507143	0.240476
0.434524	0.329762
0.384524	0.269048
0.52381	0.27381
0.542857	0.458333
0.690476	0.345238
0.469048	0.292857
0.435714	0.435714
0.530952	0.366667
0.488095	0.308333
0.708333	0.505952
0.416667	0.202381
0.446429	0.388095
0.385714	0.538095
0.642857	0.604762
0.571429	0.22619
0.654762	0.438095
0.642857	0.309524
0.427381	0.329762
0.520238	0.37619
0.333333	0.27381
0.539286	0.45
0.509524	0.403571
0.820238	0.52619
0.470238	0.478571
0.429762	0.232143
0.52619	0.45119
0.803572	0.39881
0.458333	0.233333
0.4	0.242857
0.52381	0.285714
0.419048	0.213095
0.459524	0.328571
0.426191	0.3
0.486905	0.447619
0.429762	0.50119
0.340476	0.236905
0.416667	0.285714
0.509524	0.452381
0.491667	0.427381
0.488095	0.363095
0.473809	0.32619
0.546429	0.391667
0.533333	0.245238
0.430952	0.288095
0.494048	0.285714
0.341667	0.411905
0.422619	0.511905
0.863095	0.357143
0.815476	0.369048
0.52381	0.476191
0.441667	0.486905
0.545238	0.467857
0.617857	0.363095
0.611905	0.359524
0.845238	0.261905
0.429762	0.366667
0.875	0.369048
0.303571	0.345238
0.50119	0.316667
0.372619	0.194048
0.464286	0.339286
0.647619	0.352381
0.378571	0.245238
0.483333	0.502381
0.415476	0.383333
0.502381	0.322619
0.571429	0.357143
