1.24667	1.43222
1.15111	1.24222
1.17111	1.49444
1.38333	1.59667
0.947778	1.00222
1.01667	1.02222
1.85	1.61667
1.25111	1.34667
1.33333	1.29444
1.19111	1.38444
0.56	0.735556
1.25556	1.18889
1.42333	1.51222
1.16222	1.29667
1.27889	1.40222
1.73333	1.75
1.22778	1.13333
0.973333	1.10333
1.42333	1.22667
1.44222	1.53
1.09111	1.31778
2.06667	1.63889
1.81444	1.96
0.583333	0.65
0.893333	1.1
1.51	1.68222
0.851111	1.06
1.23333	0.733333
0.887778	0.852222
1.40333	1.54333
1.12889	1.22889
0.908889	1.11778
1.07778	0.99
1.02778	1.20667
1.22222	1.07778
0.851111	0.966667
1.35	1.26111
1.46889	1.78222
1.15	0.877778
1.37444	1.43778
0.877778	0.722222
1.25	1.26222
1.43889	1.67444
1.47889	1.71778
0.907778	1.11556
0.751111	0.752222
1.47444	1.59667
0.901111	1.03889
1.46111	1.66222
1.37222	1.44111
1.24444	0.844444
1.11556	1.31889
1.35556	1.05
0.89	1.08111
1.06111	1.20222
1.36667	1.02222
1.22333	1.3
2.02222	1.85556
1	1.06667
0.961111	0.5
1.04	1.37444
0.648889	0.968889
1.57778	1.37778
1.07778	1.02222
1.22222	0.911111
1.17444	1.07111
1.77222	2.07222
1.19556	1.32222
0.688889	0.877778
0.995556	0.95
1.22111	1.36889
1.52111	1.72111
1.67778	1.58333
1.4	1.48889
1.38333	1.57111
0.805556	1.16667
1.28889	1.48
1.04667	1.26667
1.76111	1.03333
1.60556	1.49444
1.46556	1.70778
1.45444	1.82111
1.20333	1.33556
0.884444	1.19222
1.13333	1.01667
0.831111	0.857778
1.28	1.39111
1.46111	1.61667
1.30111	1.38556
1.3	1.25556
1.28556	1.67222
1.45111	1.83111
1.23222	1.21
0.977778	0.85
1.51444	1.58
0.826667	1.02444
1.67556	1.86556
1.20889	1.50889
1.56667	1.56333
1.37778	1.51
0.605556	0.571111
0.48	0.59
0.52	0.504444
0.525556	0.552222
0.526667	0.384444
0.627778	0.448889
0.683333	0.566667
0.531111	0.572222
0.844445	0.522222
0.415556	0.507778
0.311111	0.324444
0.533333	0.288889
0.775556	0.602222
0.707778	0.401111
0.533333	0.481111
0.75	0.477778
0.46	0.368889
0.485556	0.44
0.711111	0.545556
0.515556	0.48
0.538889	0.432222
0.844444	0.572222
0.6	0.541111
0.383333	0.283333
0.373333	0.324444
0.515556	0.504444
0.455556	0.522222
0.733333	0.176667
0.588889	0.43
0.568889	0.543333
0.442222	0.415556
0.455556	0.544444
0.52	0.39
0.511111	0.45
0.638889	0.483333
0.471111	0.422222
0.705555	0.361111
0.506667	0.482222
0.861111	0.3
0.6	0.481111
0.766667	0.244444
0.511111	0.445556
0.596667	0.64
0.55	0.54
0.421111	0.568889
0.49	0.19
0.574444	0.508889
0.476667	0.388889
0.64	0.58
0.588889	0.37
0.622222	0.144444
0.51	0.491111
0.677778	0.294444
0.48	0.431111
0.428889	0.553333
0.877778	0.383333
0.514444	0.424444
0.772222	0.711111
0.438889	0.25
0.672222	0.15
0.426667	0.287778
0.368889	0.424444
0.8	0.461111
0.488889	0.222222
0.733333	0.3
0.492222	0.407778
0.658889	0.622222
0.564444	0.404444
0.4	0.366667
0.572222	0.432222
0.602222	0.587778
0.57	0.59
0.85	0.583333
0.688889	0.611111
0.543333	0.432222
0.482222	0.502222
0.515556	0.506667
0.453333	0.46
1.22778	0.35
0.816667	0.544444
0.56	0.478889
0.535556	0.594444
0.642222	0.457778
0.404444	0.451111
0.605555	0.233333
0.417778	0.428889
0.64	0.568889
0.616667	0.5
0.513333	0.508889
0.888889	0.411111
0.504444	0.521111
0.5	0.616667
0.46	0.37
0.677778	0.394444
0.405556	0.407778
0.36	0.36
0.724444	0.583333
0.515556	0.624444
0.783333	0.53
0.574444	0.514444
