1.4375	1.55521
1.26042	1.38542
1.60938	1.55208
2.13021	2.05208
1.69896	1.96458
1.23438	1.41771
1.45312	1.41667
1.53958	1.51667
1.05833	1.29062
1.60104	1.65313
1.10625	1.10833
1.45521	1.48854
1.04375	1.39167
1.24271	1.34271
1.39896	1.51667
1.00417	1.37917
1.45729	1.57812
1.3625	1.47292
1.59896	1.42188
1.13229	1.33021
1.46875	1.11979
1.31771	1.35833
1.34479	1.43854
1.28854	1.11771
1.26667	1.5875
0.827083	0.802083
1.28958	1.31458
0.957292	1.11979
1.86458	1.91146
1.39062	1.45833
0.921875	0.916667
0.697917	0.791667
1.29583	1.34375
1.32396	1.48333
1.78333	1.99063
1.32604	1.62917
1.61458	1.51042
1.27708	1.48646
1.95104	2.08021
1.29896	1.51563
1.24167	1.41771
1.24583	1.43542
0.858333	0.9875
1.19792	1.20625
0.929167	1.07292
1.27188	1.24583
1.33333	1.13542
0.9375	0.760417
1.33125	1.53021
1.6875	1.97917
1.29688	1.60104
1.31979	1.39688
1.90625	2.18646
1.75938	1.81354
1.72396	1.73958
1.18437	1.22917
1.47917	1.16667
0.78125	0.702083
1.57812	1.47917
1.46458	1.54792
1.52396	1.77604
1.09896	1.12813
1.24479	1.02083
1.48125	1.73437
1.23958	0.78125
1.35938	1.45312
1.37812	1.56562
1.08333	1.05208
1.2	1.10833
1.41458	1.74688
1.18021	1.24687
1.12604	1.1875
2.04167	2.07812
1.50208	1.6
0.99375	1.1625
1.25521	1.45625
1.53125	1.61979
1.44792	1.94792
1.33646	1.29271
1.1625	1.38333
1.2	1.24063
1.4125	1.47187
1.35417	1.30729
1.61771	1.61458
1.05104	1.12396
1.10417	1.06771
2.04583	2.06667
1.30104	1.30208
0.9875	1.21875
1.15	1.54479
1.77292	1.90833
1.44271	1.19792
1.03125	1.09167
1.55625	1.74479
1.4125	1.51979
0.892708	0.99375
1.45938	1.60417
1.67708	1.95
1.1625	1.22708
1.01146	1.19375
0.611458	0.594792
0.546875	0.520833
0.822917	0.567708
0.859375	0.588542
0.555208	0.64375
0.511458	0.459375
0.671875	0.53125
0.578125	0.565625
0.390625	0.454167
0.728125	0.621875
0.6875	0.585417
0.554167	0.590625
0.697917	0.470833
0.691667	0.379167
0.601042	0.522917
0.471875	0.526042
0.61875	0.616667
0.669792	0.64375
0.697917	0.432292
0.505208	0.555208
0.984375	0.385417
0.603125	0.60625
0.485417	0.351042
0.853125	0.53125
0.485417	0.502083
0.467708	0.322917
0.6125	0.525
0.486458	0.515625
0.786458	0.770833
0.726042	0.551042
0.552083	0.453125
0.677083	0.619792
0.827083	0.584375
0.564583	0.59375
0.667708	0.61875
0.603125	0.709375
0.677083	0.395833
0.495833	0.472917
0.74375	0.726042
0.56875	0.570833
0.751042	0.470833
0.666667	0.621875
0.620833	0.552083
0.5	0.466667
0.358333	0.379167
0.753125	0.534375
0.916667	0.458333
0.6875	0.364583
0.511458	0.597917
0.582292	0.732292
0.60625	0.633333
0.551042	0.603125
0.728125	0.727083
0.883333	0.7625
0.895833	0.630208
0.480208	0.480208
0.84375	0.4375
0.48125	0.370833
0.786458	0.479167
0.658333	0.590625
0.648958	0.703125
0.470833	0.413542
0.546875	0.385417
0.75	0.654167
0.807292	0.213542
0.546875	0.3125
0.5125	0.54375
0.635417	0.333333
0.713542	0.476042
0.785417	0.575
0.513542	0.515625
0.615625	0.444792
0.8125	0.578125
0.619792	0.682292
0.502083	0.492708
0.666667	0.680208
0.59375	0.53125
0.522917	0.729167
0.586458	0.61875
0.548958	0.429167
0.715625	0.533333
0.727083	0.617708
0.708333	0.640625
0.580208	0.601042
0.525	0.553125
0.619792	0.5
0.677083	0.742708
0.578125	0.525
0.444792	0.369792
0.572917	0.561458
0.6	0.65
0.65625	0.28125
0.403125	0.375
0.634375	0.633333
0.752083	0.613542
0.58125	0.55625
0.610417	0.73125
0.554167	0.622917
0.56875	0.609375
0.5	0.45
