1.52745	1.58824
1.55392	1.69804
1.3451	1.56078
1.11275	1.32255
1.62941	2.0098
2.08726	2.24804
1.43529	1.64118
1.32647	1.36961
1.70882	1.73333
1.15392	1.08725
1.18922	1.22647
1.01471	0.911765
2.27941	2.43824
1.73627	1.93039
1.71863	1.87059
1.40392	1.50098
1.6	1.84118
1.39314	1.70882
2.01765	2.39314
1.15686	1.40588
1.34902	1.78039
1.07451	1.33235
1.62745	1.48431
1.48333	1.67451
2.77255	3.10784
2.04412	2.33824
1.56569	1.83824
1.52843	1.62353
1.29608	1.49804
1.25	1.26471
1.7049	2.0049
1.50686	1.6402
1.18922	1.27451
1.14706	1.02941
1.33039	1.45
1.43137	1.55882
1.04314	1.19804
1.42451	1.37745
1.33529	1.56176
1.24902	1.41961
1.82255	2.02451
1.81176	2.06274
1.16078	1.24118
1.35882	1.7
1.19118	1.12745
1.18824	1.37451
1.21569	1.14706
1.94118	2.21078
0.921569	1.10784
1.68627	1.27941
1.48824	1.62941
1.6451	1.79412
1.24412	1.41373
1.55294	1.53824
1.38725	1.41667
1.58137	1.70784
1.26961	1.16667
1.75	1.93137
1.57255	1.8951
1.12843	1.53529
2.12745	2.24608
0.976471	1.34804
1.36569	1.6451
1.4	1.48627
0.937255	0.942157
1.43333	1.53137
1.44314	1.61667
1.61569	1.65
0.916667	0.852941
1.29608	1.56667
1.77745	2.22745
1.09804	1.32745
1.38922	1.82549
1.34902	1.43039
1.50392	1.61274
1.02941	1.18627
1.30882	1.21078
1.33529	1.38726
1.54804	1.47353
1.07255	1.13235
1.35784	1.28431
1.28824	1.44314
0.993137	1.24412
1.71569	1.53922
1.12353	1.26961
1.50098	1.67941
1.43137	1.2451
1.79902	1.76471
1.39216	1.32353
1.53235	1.57843
1.2402	1.43529
1.28431	1.54216
1.41667	1.29412
1.57059	1.88137
1.76961	2.14412
1.55098	1.65098
1.60098	1.85588
1.15294	1.41471
1.54412	1.70784
1.72353	1.87157
0.636275	0.512745
0.928431	0.662745
0.458824	0.54902
0.55098	0.529412
0.520588	0.582353
0.812745	0.822549
0.572549	0.596078
0.804902	0.621569
0.704902	0.64902
0.742157	0.561765
0.598039	0.591177
0.5	0.367647
0.781373	0.844118
0.671569	0.722549
0.616667	0.578431
0.616667	0.741176
0.679412	0.672549
0.592157	0.661765
0.739216	0.703922
0.592157	0.611765
0.501961	0.55098
0.491176	0.52451
0.90098	0.587255
0.676471	0.555882
0.940196	0.97549
0.734314	0.806863
0.563725	0.683333
0.679412	0.620588
0.697059	0.603922
0.593137	0.529412
0.889216	0.776471
0.542157	0.564706
0.652941	0.422549
0.713726	0.594118
0.638235	0.715686
0.651961	0.47549
0.638235	0.698039
0.901961	0.721569
0.688235	0.555882
0.584314	0.54902
0.716667	0.833333
0.606863	0.808824
0.591177	0.558824
0.615686	0.645098
0.779412	0.539216
0.519608	0.462745
0.77451	0.558823
0.75	0.637255
0.490196	0.465686
0.897059	0.509804
0.815686	0.658823
0.621569	0.587255
0.619608	0.610784
0.697059	0.643137
0.745098	0.622549
0.664706	0.718627
0.784314	0.426471
0.75	0.666667
0.65098	0.717647
0.595098	0.594118
0.67353	0.520588
0.517647	0.656863
0.42549	0.532353
0.75098	0.437255
0.557843	0.473529
0.647059	0.589216
0.769608	0.683333
0.693137	0.671569
0.529412	0.372549
0.576471	0.634314
0.623529	0.7
0.606863	0.637255
0.639216	0.734314
0.571569	0.576471
0.602941	0.594118
0.519608	0.573529
0.715686	0.416667
0.75	0.648039
0.84902	0.590196
0.57451	0.497059
0.740196	0.485294
0.718627	0.554902
0.607843	0.55098
0.764706	0.411765
0.495098	0.564706
0.614706	0.737255
0.867647	0.544118
0.906863	0.392157
0.808824	0.372549
0.803922	0.74902
0.548039	0.602941
0.766667	0.535294
0.897059	0.647059
0.626471	0.697059
0.676471	0.785294
0.742157	0.647059
0.616667	0.673529
0.592157	0.690196
0.638235	0.626471
0.690196	0.7
