1.93796	2.22778
1.55741	1.85185
1.3287	1.51574
1.3	1.48519
1.7	1.92315
1.60463	1.99074
1.75463	2.0463
1.58981	1.90648
1.09167	1.23796
1.80833	2.20278
1.49537	1.78704
1.23611	1.37963
1.4537	1.59907
2	2.11111
1.93981	2.08333
1.99074	1.81019
2.36111	2.56481
1.35463	1.65463
1.31204	1.425
2.09259	1.47685
1.22222	1.43519
1.95741	2.16481
1.79167	2.09815
1.88333	2.2213
1.68519	2.03518
2.12407	2.61111
2.27315	2.51574
1.67963	1.91944
2.08333	2.47963
1.28889	1.24444
1.51481	1.6713
1.66667	1.91852
1.2037	1.31667
1.36852	1.51481
1.78426	1.91852
1.53704	1.67593
1.71667	2.02778
1.73611	1.90185
1.01389	1.15278
1.85	2.12685
1.53333	1.70185
1.77037	1.96111
1.75185	2.0037
1.18981	1.36111
1.55926	1.75556
1.53704	1.46296
1.02685	1.4537
1.45648	1.67222
1.47037	1.85093
1.50741	2.00741
1.73333	1.93796
1.81389	2.15463
1.91019	2.27315
1.55926	1.73333
1.60185	1.89259
1.875	1.76852
1.69907	1.84722
1.49722	1.75833
1.90648	2.20926
1.50093	1.5963
1.3287	1.66204
1.73889	1.90185
1.42593	1.53426
1.47593	1.43704
1.52963	1.7463
1.93148	2.27222
1.24444	1.29352
1.5787	1.79167
1.88796	2.20556
2.11574	2.23611
1.66481	2.08611
2.01389	1.91204
1.72778	2.04352
1.49444	1.63148
1.56944	1.86111
2.12037	2.06481
1.93056	2.13426
1.27407	1.59352
1.34352	1.60463
1.44259	1.67407
2.26111	2.2037
1.90741	1.89352
1.6037	1.98611
1.67593	1.62963
1.28704	1.51852
1.3963	1.87685
1.91019	2.33981
1.84722	2.10093
0.836111	1.1963
1.62685	1.77407
1.5037	1.47222
1.72407	1.9
1.69444	1.74074
1.71481	2.01667
1.45556	1.95278
1.70833	1.99259
1.51944	1.64074
1.80556	2.00463
1.28889	1.45
1.68889	1.94722
0.652778	0.799074
0.764815	0.791667
0.839815	0.784259
0.777778	0.74537
0.637963	0.755556
0.656482	0.921296
0.730556	0.874074
0.751852	0.838889
0.721296	0.609259
0.635185	0.731481
0.717593	0.777778
0.666667	0.490741
0.681481	0.778704
0.824074	0.662037
0.962963	0.662037
1.0463	0.740741
0.789815	0.734259
0.735185	0.717593
0.871296	0.624074
1.50926	0.625
0.598148	0.738889
0.838889	0.72037
0.738889	0.737037
0.689815	0.758333
0.744444	0.617593
0.751852	0.821296
0.923148	0.861111
0.858333	0.759259
0.556481	0.62037
0.696296	0.559259
0.647222	0.697222
0.649074	0.701852
0.721296	0.725926
0.661111	0.535185
0.822222	0.832407
0.782407	0.759259
0.708333	0.746296
0.858333	0.790741
0.657407	0.592593
0.77037	0.877778
0.922222	0.787037
0.732407	0.799074
0.721296	0.665741
0.623148	0.699074
0.738889	0.840741
0.740741	0.537037
0.656482	0.685185
0.635185	0.551852
0.668518	0.852778
0.544444	0.683333
0.775	0.731481
0.691667	0.903704
0.760185	0.939815
0.674074	0.614815
0.559259	0.560185
0.87963	0.652778
0.884259	0.763889
0.625	0.703704
0.772222	0.959259
0.878704	0.716667
0.546296	0.458333
0.753704	0.640741
0.794444	0.637037
0.907407	0.585185
0.678704	0.681481
0.84537	0.9
0.82963	0.683333
0.615741	0.685185
0.785185	0.917593
0.875	0.462963
0.635185	0.716667
1.18981	0.819444
0.764815	0.750926
0.783333	0.540741
0.902778	0.763889
0.768519	0.583333
0.74537	0.801852
0.609259	0.611111
0.555556	0.594445
0.765741	0.694444
0.890741	0.905555
0.949074	0.615741
0.878704	0.788889
0.902778	0.675926
0.472222	0.310185
0.699074	0.787037
0.64537	0.769444
0.811111	0.959259
0.508333	0.658333
0.758333	0.673148
0.822222	0.535185
0.842593	0.862963
0.967593	0.726852
0.64537	0.766667
0.675	0.766667
0.699074	0.841667
0.748148	0.638889
0.851852	0.811111
0.70463	0.714815
0.715741	0.766667
