0.918421	0.951755
0.913158	0.917544
0.729825	0.637719
0.923684	0.973684
0.823684	0.776316
1	0.697368
0.638596	0.72193
0.901754	0.883333
0.797369	0.841228
1.01491	0.974561
0.88421	0.92807
0.974561	0.95614
0.960526	0.954386
0.830702	0.866667
0.822807	1.00351
0.833333	0.824561
0.781579	0.544737
1.37719	0.70614
1.23684	0.960526
1.07368	0.939474
0.758772	0.877193
0.952631	0.901754
0.942983	1.10351
0.848246	1.00263
0.834211	0.880702
0.907895	0.899123
0.990351	0.87807
0.963158	0.72807
0.978947	0.968421
0.700877	0.69386
0.710526	0.913158
1.18684	1.06404
0.808772	0.814912
0.785965	0.809649
0.907895	0.845614
1.01754	0.954386
0.728947	0.687719
0.817544	0.829825
0.733333	0.824561
1.24123	0.824561
1.17018	0.989474
0.754386	0.789474
0.871053	0.900877
0.758772	0.622807
0.865789	0.912281
0.791228	0.892982
0.707895	0.722807
0.684211	0.596491
0.977193	0.938597
0.95	0.964035
0.95614	0.675439
0.736842	0.72807
1.00614	0.842105
0.908772	0.805263
0.859649	0.850877
0.89386	0.753509
0.886842	0.944737
0.821053	0.792105
0.600877	0.839474
0.831579	0.657895
0.680702	0.696491
0.848246	0.821053
0.97807	0.631579
1.02018	0.923684
0.830702	1.02281
0.999123	0.889474
0.738596	0.783333
0.82193	0.841228
0.861403	1.00614
0.79386	0.892982
0.724562	0.848246
0.813158	0.860526
0.927193	0.752632
0.909649	0.918421
0.983334	0.864035
0.829825	0.741228
0.936842	1.08509
0.887719	0.721053
0.892982	0.931579
0.838596	0.759649
1.04825	0.89386
0.753509	0.657895
0.799123	0.784211
0.631579	0.649123
0.831579	0.895614
0.985088	0.952631
0.769298	0.721053
0.90614	0.885088
0.875439	0.928947
0.912281	0.757895
0.944737	0.95614
0.8	0.866667
0.879825	0.844737
0.885965	0.885965
0.945614	0.889474
0.676316	0.687719
0.975439	0.92807
1.0307	0.992983
0.823684	0.802632
0.719298	0.653509
