0.45	0
1.86	0
0.453333	0.0566667
0.246667	0
0.553333	0
0.666667	0
1.06667	0.0333333
0.413333	0
0.733333	0
1.15	0
0.56	0
0.7	0
1.56667	0
0.32	0
0.966667	0
1.45	0
0.533333	0
1.43333	0
0.5	0
2.2	0
1.15	0
1.55	0
0.666667	0
0.866667	0
1.73333	0
1.15	0
0.733333	0
0	0
0.736667	0
1.26667	0
0.58	0
0.433333	0
0.666667	0
0.72	0
0.3	0
0	0
0.28	0
0.37	0
0.866667	0
0.31	0.0833333
0.34	0
1	0
0.783333	0
0.353333	0
2	0
0.9	0.1
0.806667	0
0.833333	0
1.1	0
0.48	0
0.506667	0
0.776667	0.0133333
0.12	0
0.373333	0
0.29	0
1.41667	0
0.783333	0
0.633333	0
0.533333	0
0.906667	0
0.5	0
0	0
0.616667	0
1.03333	0
0.433333	0
0.566667	0
0.7	0
0.7	0
0.05	0
0.666667	0
1.25	0
0.34	0.09
0.2	0
1.43	0
0.9	0
0.706667	0
2.4	0
0.366667	0
0.733333	0
1.76	0
0.666667	0
0.723333	0
0.846667	0.06
1.18	0
0.946667	0
1.15	0
0.65	0
1.45	0
0.9	0
1.35	0
1.46667	0
0.626667	0
1.4	0
0.58	0
0.6	0
0.46	0
0.633333	0
1.65	0
0.633333	0
0.516667	0
