0.40641	0.244872
0.544872	0.128205
0.579487	0.141026
0.858974	0.333333
0.579487	0.330769
0.297436	0.187179
0.424359	0.369231
0.474359	0.351282
0.653846	0.25641
0.471795	0.298718
0.452564	0.251282
0.624359	0.334615
0.212821	0.166667
1.37179	0.173077
0.510256	0.141026
0.707692	0.287179
0.625641	0.30641
0.575641	0.179487
0.557692	0.365385
0.623077	0.382051
0.865385	0.403846
0.775641	0.134615
0.494872	0.35
0.591026	0.25641
0.5	0.384615
0.338462	0.294872
1.25	0.134615
0.488461	0.330769
0.562821	0.237179
0.679487	0.307692
0.282051	0.120513
0.464103	0.212821
0.362821	0.144872
0.520513	0.192308
0.576923	0.323077
0.571795	0.448718
0.458974	0.258974
0.497436	0.420513
0.50641	0.160256
0.476923	0.253846
0.444872	0.207692
0.484615	0.344872
0.701282	0.379487
0.4	0.31282
0.602564	0.29359
0.325641	0.276923
0.692308	0.442308
0.328205	0.258974
0.410256	0.292308
0.552564	0.319231
0.498718	0.338462
0.279487	0.0564103
0.538461	0.223077
0.466667	0.0769231
0.433333	0.369231
0.660256	0.285897
0.284615	0
1.16026	0.288462
0.353846	0.225641
0.238462	0.1
0.325641	0.107692
0.753846	0.280769
0.379487	0.19359
0.426923	0.169231
0.615385	0.23718
0.610256	0.466667
0.60641	0.460256
0.630769	0.238462
0.539744	0.258974
0.396154	0.283333
0.378205	0.367949
0.384615	0.0641026
0.858974	0.410256
0.635897	0.423077
0.501282	0.29359
0.428205	0.0384615
1.46795	0.262821
0.346154	0.141026
0.647436	0.326923
0.583333	0.301282
0.974359	0.352564
0.598718	0.367949
0.246154	0.25641
0.589744	0.198718
0.371795	0.248718
0.548718	0.219231
0.401282	0.264103
0.583333	0.301282
0.538462	0
0.56282	0.288462
0.679487	0.326923
0.564103	0.160256
0.461538	0.153846
0.492308	0.338462
0.4	0.1
0.597436	0.138462
0.716667	0.358974
0.580769	0.379487
0.464103	0.297436
0.717949	0.410256
