0.47619	0.45
0.504762	0.197619
0.525	0.254762
0.478571	0.495238
0.667857	0.533333
1.09524	0.345238
0.519048	0.477381
0.557143	0.49881
0.648809	0.472619
0.363095	0.403571
0.636905	0.297619
0.470238	0.352381
0.589286	0.45119
0.478571	0.257143
0.386905	0.244048
0.55	0.380952
0.690476	0.333333
0.65	0.288095
0.520238	0.357143
0.571429	0.513095
0.340476	0.330952
0.525	0.454762
0.460714	0.336905
0.640476	0.42381
0.782143	0.528571
0.447619	0.371429
0.582143	0.40119
0.539286	0.403572
0.479762	0.472619
0.411905	0.377381
0.445238	0.232143
0.509524	0.453571
0.507143	0.240476
0.466667	0.328571
0.379762	0.269048
0.52381	0.27381
0.582143	0.469048
0.690476	0.345238
0.469048	0.292857
0.439286	0.463095
0.561905	0.407143
0.488095	0.308333
0.708333	0.505952
0.416667	0.202381
0.446429	0.388095
0.396429	0.559524
0.645238	0.580952
0.571429	0.22619
0.657143	0.426191
0.642857	0.309524
0.427381	0.329762
0.530952	0.391667
0.338095	0.302381
0.566667	0.466667
0.509524	0.403571
0.882143	0.584524
0.530952	0.479762
0.425	0.232143
0.544048	0.472619
0.803572	0.39881
0.471429	0.252381
0.4	0.242857
0.52381	0.285714
0.404762	0.221429
0.466667	0.328571
0.433333	0.278571
0.464286	0.429762
0.438095	0.530952
0.340476	0.236905
0.416667	0.285714
0.488095	0.438095
0.514286	0.444048
0.488095	0.363095
0.478571	0.316667
0.57619	0.432143
0.519048	0.27619
0.444048	0.315476
0.494048	0.285714
0.342857	0.404762
0.427381	0.523809
0.886905	0.380952
0.815476	0.369048
0.557143	0.521429
0.442857	0.477381
0.533333	0.441667
0.616667	0.403571
0.611905	0.359524
0.845238	0.261905
0.442857	0.352381
0.803571	0.39881
0.360714	0.377381
0.47619	0.307143
0.372619	0.197619
0.436905	0.340476
0.685714	0.390476
0.35	0.264286
0.480952	0.539286
0.429762	0.40119
0.5	0.322619
0.571429	0.357143
