0.611111	0.538889
0.485556	0.576667
0.503333	0.483333
0.546667	0.564444
0.514444	0.413333
0.657778	0.462222
0.688889	0.472222
0.625556	0.616667
0.844445	0.522222
0.447778	0.516667
0.311111	0.324444
0.533333	0.288889
0.79	0.613333
0.685555	0.421111
0.512222	0.511111
0.761111	0.527778
0.503333	0.43
0.487778	0.443333
0.755556	0.586667
0.541111	0.463333
0.565556	0.446667
0.844444	0.572222
0.611111	0.583333
0.383333	0.283333
0.444444	0.404444
0.543333	0.462222
0.493333	0.5
0.78	0.236667
0.562222	0.405556
0.56	0.507778
0.431111	0.362222
0.506667	0.531111
0.527778	0.406667
0.554444	0.477778
0.638889	0.483333
0.471111	0.422222
0.705555	0.361111
0.525556	0.482222
0.922222	0.338889
0.595556	0.481111
0.766667	0.244444
0.532222	0.441111
0.587778	0.647778
0.565556	0.546667
0.42	0.568889
0.471111	0.276667
0.583333	0.503333
0.484444	0.355556
0.622222	0.583333
0.643333	0.453333
0.622222	0.144444
0.498889	0.512222
0.633333	0.344444
0.506667	0.442222
0.426667	0.546667
0.877778	0.383333
0.512222	0.424444
0.816667	0.688889
0.438889	0.25
0.672222	0.15
0.392222	0.288889
0.368889	0.424444
0.8	0.461111
0.488889	0.222222
0.733333	0.3
0.501111	0.41
0.693333	0.584444
0.566667	0.437778
0.4	0.366667
0.54	0.42
0.653333	0.687778
0.56	0.586667
0.85	0.583333
0.65	0.577778
0.636667	0.497778
0.478889	0.487778
0.626667	0.497778
0.413333	0.415556
1.22778	0.35
0.816667	0.544444
0.557778	0.485556
0.498889	0.595556
0.652222	0.467778
0.41	0.437778
0.666667	0.2
0.442222	0.44
0.657778	0.533333
0.616667	0.5
0.531111	0.496667
0.888889	0.411111
0.498889	0.544444
0.512222	0.623333
0.443333	0.365556
0.677778	0.394444
0.368889	0.461111
0.36	0.36
0.752222	0.582222
0.466667	0.566667
0.793333	0.486667
0.625556	0.521111
