0.604167	0.603125
0.635417	0.536458
0.9375	0.526042
0.760417	0.442708
0.533333	0.632292
0.577083	0.509375
0.671875	0.53125
0.651042	0.532292
0.422917	0.473958
0.746875	0.630208
0.7	0.591667
0.547917	0.603125
0.75625	0.433333
0.76875	0.463542
0.64375	0.567708
0.482292	0.54375
0.620833	0.604167
0.666667	0.65
0.671875	0.317708
0.502083	0.56875
1.01563	0.416667
0.608333	0.611458
0.478125	0.419792
0.852083	0.516667
0.589583	0.570833
0.467708	0.322917
0.608333	0.53125
0.485417	0.528125
0.786458	0.770833
0.76875	0.580208
0.552083	0.453125
0.677083	0.619792
0.728125	0.523958
0.58125	0.572917
0.645833	0.633333
0.580208	0.664583
0.677083	0.395833
0.455208	0.496875
0.734375	0.802083
0.590625	0.579167
0.776042	0.519792
0.725	0.657292
0.675	0.560417
0.5	0.466667
0.366667	0.370833
0.803125	0.544792
0.895833	0.479167
0.6875	0.364583
0.5625	0.601042
0.59375	0.711458
0.64375	0.620833
0.551042	0.603125
0.775	0.738542
0.822917	0.782292
0.917708	0.667708
0.563542	0.511458
0.84375	0.4375
0.48125	0.370833
0.786458	0.479167
0.641667	0.613542
0.640625	0.688542
0.508333	0.383333
0.546875	0.385417
0.735417	0.638542
0.838542	0.234375
0.557292	0.354167
0.5125	0.54375
0.635417	0.333333
0.715625	0.483333
0.7375	0.55625
0.508333	0.498958
0.692708	0.40625
0.770833	0.578125
0.671875	0.690625
0.50625	0.528125
0.694792	0.676042
0.59375	0.53125
0.575	0.78125
0.630208	0.646875
0.59375	0.439583
0.752083	0.5125
0.78125	0.627083
0.708333	0.640625
0.554167	0.597917
0.565625	0.545833
0.645833	0.567708
0.689583	0.771875
0.591667	0.494792
0.4625	0.404167
0.595833	0.583333
0.597917	0.647917
0.65625	0.28125
0.391667	0.370833
0.642708	0.633333
0.789583	0.642708
0.623958	0.632292
0.614583	0.701042
0.570833	0.613542
0.5875	0.607292
0.496875	0.454167
