0.606863	0.507843
0.861765	0.687255
0.435294	0.564706
0.571569	0.617647
0.481373	0.577451
0.758824	0.785294
0.543137	0.580392
0.780392	0.601961
0.665686	0.679412
0.718627	0.593137
0.595098	0.601961
0.5	0.367647
0.757843	0.807843
0.701961	0.679412
0.55	0.516667
0.636274	0.714706
0.695098	0.673529
0.661765	0.672549
0.67451	0.722549
0.543137	0.596078
0.494118	0.584314
0.482353	0.579412
0.876471	0.656863
0.626471	0.523529
0.826471	0.907843
0.702941	0.757843
0.646078	0.684314
0.708824	0.662745
0.721569	0.617647
0.671569	0.578431
0.80098	0.697059
0.583333	0.595098
0.69902	0.446078
0.746078	0.546078
0.630392	0.673529
0.754902	0.54902
0.62451	0.720588
0.860784	0.683333
0.75	0.570588
0.584314	0.54902
0.668627	0.764706
0.676471	0.87549
0.577451	0.562745
0.713726	0.692157
0.813725	0.602941
0.518628	0.434314
0.627451	0.509804
0.779412	0.465686
0.490196	0.480392
0.960784	0.54902
0.82549	0.670588
0.619608	0.62451
0.619608	0.610784
0.677451	0.576471
0.784314	0.651961
0.655882	0.710784
0.710784	0.397059
0.779412	0.720588
0.682353	0.726471
0.65	0.686274
0.669608	0.502941
0.532353	0.666667
0.438235	0.55098
0.833333	0.617647
0.644118	0.542157
0.656863	0.608824
0.754902	0.678431
0.788235	0.680392
0.539216	0.401961
0.604902	0.687255
0.654902	0.67451
0.611765	0.638235
0.673529	0.722549
0.556863	0.57451
0.668627	0.6
0.539216	0.553922
0.715686	0.416667
0.753922	0.682353
0.835294	0.633333
0.543137	0.5
0.740196	0.485294
0.811765	0.589216
0.678431	0.598039
0.764706	0.411765
0.485294	0.537255
0.619608	0.727451
0.867647	0.544118
0.887255	0.416667
0.828431	0.622549
0.82353	0.74902
0.603922	0.570588
0.82451	0.621569
0.906863	0.671569
0.621569	0.626471
0.687255	0.706863
0.781373	0.733333
0.606863	0.65
0.627451	0.656863
0.64902	0.622549
0.713726	0.710784
