0.681482	0.802778
0.724074	0.773148
0.77037	0.715741
0.798148	0.735185
0.673148	0.786111
0.72037	0.864815
0.689815	0.869444
0.768519	0.810185
0.696296	0.626852
0.600926	0.736111
0.708333	0.717593
0.717593	0.49537
0.622222	0.774074
0.819444	0.657408
0.893519	0.606481
0.986111	0.777778
0.689815	0.784259
0.733333	0.693519
0.896296	0.674074
1.43056	0.782407
0.568519	0.668519
0.759259	0.788889
0.687037	0.787963
0.612963	0.751852
0.77037	0.700926
0.697222	0.706481
0.786111	0.844444
0.838889	0.685185
0.634259	0.67037
0.687037	0.622222
0.709259	0.746296
0.631481	0.655555
0.77037	0.716667
0.697222	0.653704
0.819444	0.834259
0.828704	0.689815
0.709259	0.746296
0.824074	0.793519
0.675926	0.606481
0.774074	0.89537
0.938889	0.803704
0.702778	0.737037
0.737037	0.64537
0.64537	0.691667
0.766667	0.740741
0.740741	0.537037
0.668519	0.674074
0.655555	0.626852
0.703704	0.812037
0.544444	0.731481
0.77037	0.700926
0.784259	0.883333
0.707407	0.898148
0.707407	0.661111
0.540741	0.584259
0.912037	0.634259
0.740741	0.717593
0.678704	0.751852
0.625	0.87037
0.85463	0.636111
0.708333	0.458333
0.781481	0.653704
0.828704	0.539815
0.898148	0.598148
0.576852	0.65463
0.885185	0.900926
0.837037	0.676852
0.699074	0.662037
0.758333	0.916667
0.819444	0.541667
0.605556	0.705556
1.08796	0.796296
0.673148	0.762963
0.802778	0.640741
0.777778	0.694444
0.768519	0.583333
0.722222	0.751852
0.609259	0.647222
0.652778	0.635185
0.733333	0.671296
0.824074	0.794444
0.935185	0.592593
0.817593	0.837037
0.851852	0.759259
0.472222	0.310185
0.765741	0.846296
0.67963	0.831482
0.875926	0.932407
0.591667	0.699074
0.705555	0.683333
0.768519	0.490741
0.768519	0.801852
1.06944	0.740741
0.671296	0.724074
0.727778	0.751852
0.733333	0.839815
0.764815	0.692593
0.887963	0.847222
0.684259	0.680556
0.753704	0.790741
