1.13889	1.11111
3.08333	1.44444
2.54167	3.04167
3.31944	1.56944
1.09444	0.838889
2.58333	1.875
1.16667	1.46667
1.33333	1.11111
1.05556	1.05556
1.625	1.575
1.16667	0.666667
2.30556	2.02778
1.69444	1.5
1.60833	2.01667
2.01389	2.09722
2.43056	2.375
2.98333	3.63333
1.575	1.80833
1.85556	2.16111
1.26389	1.15278
2.28889	2.77778
1.5	1.30556
1.83333	1.25
2.42222	2.50556
2.5	2.41667
1.91667	1.68056
1.08889	1.54444
2.10278	1.97222
2.42778	2.6
2.05556	1.77778
3.72222	3
1.53333	1.82778
1.50556	1.35
1.16667	1.13889
1.54444	1.31111
1	0.416667
1.55	1.96111
1.72222	1.58333
1.79167	1.93056
2.00556	2.41111
2.03056	2.24444
2.75	1.22222
1.97222	1
2.27778	2.11111
2.55556	2.92778
1.72222	2.05556
2.20833	2.30556
1.5	1.08333
1.33333	1.19444
1.44444	1.58333
0.741667	1.07778
1.87778	1.94444
2.76667	3.76389
1.45556	1.65556
2.2	1.9
1.43056	1.375
2.01389	1.44444
0.972222	1.09722
1.91667	1.25
2.25	1.55556
0.583333	0.708333
2.33333	1.95833
1.28333	1.42778
2.59722	2.65278
2.68056	2.69444
1.66667	0.916667
1.68056	1.47222
1.05556	0.888889
1.24722	1.16667
3.25	1.66667
1.81944	1.16667
1.99722	2.19444
2.02778	2.28056
3.02778	3.66389
1.25	1
1.44167	1.55
1.98333	2.2
1.75	1.41667
1.52778	1.27778
2.04167	1.08333
2.675	3.27778
2.38611	2.67222
1.48611	1.40278
2.51389	1.75
1.76667	1.78333
1.58333	2.14444
2.66667	2.58333
1.17778	1.72222
3.23611	2.68056
2.675	2.95
2.58333	1.625
1.35	1.39722
3.01389	1.66667
1.38889	1.5
1.25	1.59444
3.86667	3.36667
2.43056	1.43056
2.70833	1.25
3.09167	3.8
1.55	0.933333
