1.64286	1.35714
1.84286	2.32857
2.50238	2.80238
1.60714	1.57143
2.34524	1.86905
1.3619	1.29524
2.75	3.02381
1.84524	1.77381
2.13095	1.45238
1.40476	1.5
0.285714	0.75
1.55	1.65714
3.51429	4.05714
1.16667	1.68095
2.15	2.13571
1.18095	1.10952
1.02381	0.928572
2.30952	1.35714
1.14286	1.04762
0.988095	1.25952
0.707143	0.892857
1.63095	1.45238
2.35714	1.91667
1.69048	1.61905
1.01429	1.15238
2.85714	1.80952
1.61905	1.59524
2.30952	2.60952
1.69048	1.98571
1.11429	1.55238
2.07857	2.42619
1.08571	1.31429
1.69048	1.34524
1.22619	1.34524
2.20238	2.0119
1.46429	1.49286
0.690476	0.52381
1.46429	1.41667
2.42857	2.29762
1.90476	1.30952
1.34762	1.60952
1.78095	1.99286
3.05952	1.7381
2.09524	1.85714
2.35714	0.892857
2.81905	3.55238
1.65476	1.52381
1.29762	0.654762
2.46429	2.42857
2.41667	2.60714
2.45	2.9
1.4	1.58095
2.17143	2.12143
1.78571	1.65476
0.585714	0.757143
1.5	1.30952
3.24286	3.85238
2.30952	1.95238
1.10714	1.17857
1.45238	1.04762
2.55952	0.988095
2.25	1.61905
1.2619	1.19048
1.77381	1.97619
0.938095	1.44524
1.26667	1.65952
1.22143	1.52143
1.59524	1.82143
1.80952	1.92857
1.22619	1.16667
1.53571	1.45238
2.34524	2.89762
1.50714	1.58571
1.19048	1.04762
1.78571	2.20476
2.53571	1.17857
1.08571	1.07143
1.35238	1.48095
1.38095	1.02381
1.29762	1.36905
2.2381	2.41905
2.45714	2.85714
2.17857	1.90476
1.19524	1.59524
1.62857	1.78571
2.39286	1.60714
2.04762	2.2381
2.15	2.34286
1.72619	1.76905
1.94524	2.50238
1.14286	1.2381
1.88095	1.88095
1.21429	0.714286
2.53571	2.53571
1.5	1.60952
1.83333	1.5119
1.38095	1.60714
1.39048	1.75238
1.05952	1.24286
2.09524	1.89286
