1.41667	1.50926
1.7463	2.19815
0.581481	0.833333
1.99259	2.42593
2.41667	2.91852
1.2963	1.14815
2.5463	1.63889
1.30926	1.66296
2.54444	2.63704
2.12963	1.24074
1.74074	1.48148
1.66667	1.94444
2.27778	2.4537
2.28333	2.76296
1.61296	2.18704
2.01852	1.81481
1.97037	2.03704
1.3	1.9963
1.49259	1.91667
1.39259	1.44444
0.75	0.824074
1.90741	1.27778
1.08889	1.55926
3.01852	2.77778
1.08889	1.53889
1.66481	2.22222
1.30741	1.56481
1.51852	1.74074
1.61111	1.35185
1.87037	1.74074
1.11667	1.41667
2.27778	2.41667
1.38889	1.50926
1.21111	1.63333
1	1.41111
1.06667	1.36667
0.840741	1.42963
1.37963	1.66852
2.85556	3.55
2.64815	2.94815
2.16667	1.16667
1.5	1.4537
2.05556	1.90741
1.62963	0.907407
1.10185	1.35185
1.37037	1.51852
0.933333	1.26296
0.842593	1.24815
0.951852	1.44444
1.95556	2.42963
2.01852	2.44074
1.89259	2.45741
1.89815	1.67593
1.5537	2.03704
1.32963	1.91481
1.59259	1.91481
1.55556	1.47222
1.13333	1.34074
1.5	1.57407
0.796296	0.972222
1.37037	1.44444
1.95185	2.21667
1.89259	2.35
1.64074	1.77037
1.82407	1.89815
1.43333	1.78148
2.23148	1.02778
1.73333	1.85
0.948148	1.37778
1.21667	1.27407
1.83148	2.12963
1.42593	1.35185
1.18889	1.65185
1.37593	1.85926
1.96296	1.60185
1.68148	2.00741
0.759259	0.657407
1.42963	1.55926
0.981482	1
1.87963	1.85926
1.74259	2.15185
1.58333	1.56481
1.78704	1.98148
1.18889	1.43333
1.2037	1.40741
1.47222	1.44444
1.87037	1.77778
1.22963	1.50556
1.49074	1.56481
2.49074	2.65741
1.51667	2.05185
1.50185	2.16111
1.67963	1.91111
1.4463	2.00185
2.37963	2.49074
2.14815	1.91667
1.81852	2.33333
0.998148	1.34259
2.43889	3.11296
2.18704	2.28889
