2.25303	2.62576
1.5197	1.81061
0.939394	1.50758
1.14545	1.63182
1.40152	1.2197
2.15909	2.76667
1.10606	1.09091
1.75758	1.67424
1.87879	2.30909
1.6	2.02424
1.99242	2.53788
2.58333	1.87121
1.38485	1.9697
3.54545	3.76515
1.73182	2.25
1.65152	2.13636
2.42121	2.54242
2.34848	2.63636
1.97879	2.51212
1.48182	1.79697
0.893939	1.02273
1.71364	2.20909
2.40152	2.98485
1.4697	1.88182
1.42424	1.8803
1.15455	1.54242
1.7803	2.32576
1.75	2.15152
1.10606	1.34848
1.01818	1.07273
1.26667	1.39394
2.20758	2.8803
2.62424	3.03485
1.62727	1.96667
1.73182	1.91364
1.74242	2.02273
1.59848	2.01515
1.52273	1.65909
1.67424	2.12273
1.38788	1.75152
2.88939	3.47576
1.23485	1.63182
1.9	2.41818
1.06818	1.2
1.84848	1.85606
1.90303	2.10909
1.75	1.71212
1.81818	2.22121
1.12879	1.54091
2.39394	2.31061
0.984849	1.21212
2.14394	2.10606
2.32424	2.92424
2.07576	2.06061
1.89394	1.83333
2.03485	2.60606
1.51515	1.88485
1.29091	1.41212
1.29545	1.52273
1.80303	1.55303
1.59091	1.22727
0.710606	1.17121
1.97727	2.23485
1.27727	1.7
1.53788	1.44697
1.86061	1.91515
1.69697	1.37879
1.27273	1.66667
2.07727	2.47121
1.83333	1.90909
2.22727	2.37121
1.76061	2.37879
1.55909	1.75455
1.36364	1.22727
1.6303	2.22727
1.31818	1.14394
1.89697	2.43333
1.65909	1.46212
1.42424	1.68182
1.92424	2.32727
1.82424	2.44091
1.0303	1.22727
1.56061	2.22121
1.34242	1.65606
1.25606	1.82424
1.45909	1.67121
1.31818	1.6803
1.35455	1.53636
2.11818	2.56667
1.40606	1.91364
1.34848	1.68939
0.709091	1.29091
1.1697	1.66061
1.35606	1.65909
2.35606	2.8803
1.56515	2.21667
2.06061	2.21515
2.15152	2.52727
1.51212	1.78788
2.18333	2.8
