1.0375	1.38472
1.25	1.31944
2.26389	2.54861
1.99306	2.33333
1.2125	1.63333
1.6625	2.19167
1.125	0.958333
1.34722	1.54167
0.856945	1.30417
1.77361	2.38889
1.08333	1.19444
1.61806	2.17222
1.14167	1.72917
1.80556	2.54444
1.825	1.9
2.11806	2.29167
2.64028	3.15694
1.19583	1.58056
1.28472	1.25694
1.45278	1.86389
2.22361	2.56111
1.49722	1.95139
1.80139	2.17778
1.45	1.7
2.40417	2.89583
1.30833	1.575
2.07083	2.33889
1.94444	2.28472
2.10417	1.86111
2.00694	1.875
2.46528	3.00139
1.64583	2.24444
1.71806	2.13056
2	1.97222
1.87361	2.38194
1.44444	1.88056
1.64583	1.9875
1.26389	1.80694
1.025	1.21667
2.91111	3.18611
1.51389	1.66667
1.17778	1.625
1.30556	1.5
2.35139	2.71806
1.93056	2.35694
2.18889	2.85139
1.125	1.22222
1.02083	1.05556
1.43056	1.67778
1.25	1.58333
1.11111	1.31944
1.47222	1.81944
1.76389	1.71528
1.85278	2.25278
1.34167	1.7625
1.43611	1.77222
2.18333	2.74028
1.55833	2.03056
1.60278	1.81944
1.51944	2.04306
1.89167	2.24722
0.75	0.708333
0.897222	1.23611
1.14306	1.73333
1.175	1.58472
1.38472	1.75833
1.23611	1.41667
1.74722	2.04167
1.60278	2.18611
1.85833	2.35278
2.58333	2.69444
2.0625	1.72222
1.13611	1.63889
0.966667	1.3
1.78611	2.45
1.50694	1.59028
1.34444	1.88333
1.47222	1.77222
1.9875	2.53194
1.48472	1.96944
1.25694	1.49306
0.986111	1.22778
1.64167	2.20833
0.875	1.08333
1.7125	2.21806
1.61111	1.65972
1.56944	1.81389
1.65	2.06111
2.08056	2.68333
1.90972	2.02083
1.88611	1.92778
2.04722	2.61667
2.24306	2.68056
2.38194	1.73611
1.04167	1.13889
2.02222	2.53889
2.3875	2.89306
2.04167	2.13194
1.31667	1.74583
1.70972	2.19444
