2.20476	2.73214
1.75357	1.92024
1.8631	2.26667
1.24524	1.61429
1.92619	2.2131
1.55952	1.44048
2.05595	2.54643
1.75833	2.10952
1.5369	1.97143
0.910714	1.34524
1.7619	1.98214
1.64762	2.2619
2.53095	2.79881
1.53333	1.65238
1.61905	1.79762
1.28095	1.57619
1.72619	1.71429
1.17976	1.49762
1.6369	2.29405
1.90714	2.35476
1.56786	2.15595
2.1369	2.64881
1.59167	1.89048
2.25357	2.61071
1.80357	2.16429
1.20476	1.76905
1.38452	1.73452
1.9369	2.53095
1.81429	2.31548
1.50952	1.97262
0.917857	1.18214
1.775	2.28214
1.15238	1.36071
2.17024	2.67976
1.55476	1.925
1.16667	1.44048
2.275	2.63333
2.16667	2.21429
2.07143	2.29524
1.53095	2.12024
2.82381	3.1119
1.12262	1.62976
1.30357	1.6369
1.0119	1.2381
1.52738	1.89405
1.77381	2.26786
2.17976	2.69762
1.83333	2.16071
1.69286	1.81905
1.84524	1.82143
1.81548	2.3381
1.78452	2.30119
1.52619	1.8119
1.78452	2.14048
1.62857	2.25595
2.43333	2.57857
2.04048	2.55714
1.22857	1.55357
1.72381	2.10238
1.97619	1.94048
1.34643	1.65476
1.11429	1.49286
1.4881	1.86905
1.28333	1.59286
1.09881	1.49286
1.37857	2.1369
2.28333	2.80714
1.35952	1.80952
1.85	2.25
2.49524	2.89286
2.41071	2.84048
1.65238	2.05833
1.67262	1.94643
1.51548	1.98333
1.57262	2.03095
2.5119	2.87619
1.95	2.53214
0.690476	1.01786
1.1119	1.56071
1.55119	2.10595
1.98214	1.91667
1.82143	1.97024
1.44762	1.82857
1.99881	2.67143
2.08571	2.675
1.725	2.08214
1.28333	1.65
1.7381	1.55952
1.78095	2.375
1.72024	2.06548
2.73452	3.34524
2.56667	3.09405
1.60595	2.11667
2.12976	2.56786
1.2119	1.4631
1.35714	1.64286
1.78095	2.20714
1.77143	2.19524
1.31667	1.86429
2.07143	2.2619
