1.53556	1.93111
1.41667	2.02889
1.90444	2.52333
1.90111	2.33556
1.29444	1.69778
1.32556	1.73778
2.35556	2.5
1.54333	1.96444
1.49444	1.8
1.39778	1.88444
0.951111	1.34
1.61111	1.7
1.59889	1.89667
1.63222	2.01778
2.00111	2.49333
2.25	2.56667
1.87222	2.41222
1.70667	2.02222
1.77	2.05556
2.23556	2.75444
1.51	1.94444
2.33333	2.12778
2.88778	3.36333
0.666667	0.866667
1.92444	2.47111
2.56778	3.08778
1.50222	1.86444
1.71	1.76667
1.30556	1.67556
2.02111	2.33778
2.04	2.40222
1.34889	1.70667
2.19444	2.62778
1.72889	2.05667
1.75556	1.84444
1.33778	1.77111
1.65	1.72222
2.10222	2.77556
1.86111	1.61111
1.82444	2.26222
0.977778	0.944444
1.60222	1.97
1.84222	2.23889
2.11333	2.50778
1.33111	1.85889
1.22111	1.62333
2.16667	2.60667
1.42111	1.89556
2.08556	2.41111
2.04889	2.36778
1.33333	1.51111
1.62333	2.09444
2.15556	2.31111
1.03222	1.62111
1.16556	1.63667
1.89444	1.98889
1.72333	2.21111
1.97778	2.16111
1.79444	1.87778
1.47778	1.46667
1.31111	1.88444
0.915556	1.45333
1.68333	1.76111
1.25556	1.23333
1.34444	1.73333
1.49111	1.88667
2.28667	2.83444
1.60667	1.87111
0.855556	1.12222
1.52222	1.98333
1.75444	2.24667
1.97111	2.41111
1.7	2.02778
1.59444	1.86111
1.80222	2.35222
0.957778	1.57333
1.61111	1.90667
1.64222	2.14667
2.41111	1.85
1.96667	2.01111
2.20222	2.62
1.42	2.00778
1.69222	2.08111
1.40444	1.90889
1.25	1.42222
1.41111	1.68
2.09444	2.52111
1.77222	2.15
1.83667	2.24889
1.50556	1.80556
2.06778	2.61444
2.06778	2.62
1.85222	2.30667
1.27778	1.47222
2.34111	2.88111
1.40889	1.77778
2.18556	2.54444
1.62222	2.14667
1.78333	2.06333
2.14556	2.52556
