2.10312	2.53646
1.31771	1.59896
1.83333	2.02083
2.38542	2.65625
2.39792	2.97187
1.5125	1.87812
1.54167	1.77604
2.26042	2.57812
1.56875	2.15
1.6	1.92292
1.51979	1.84896
1.95417	2.38021
1.21458	1.61042
1.54479	1.93542
1.86875	2.08542
1.24687	1.80938
1.94896	2.38333
1.66771	2.20417
1.84896	2.10417
1.56979	2.02083
1.70312	1.64063
2.18542	2.68437
1.975	2.31875
1.55208	1.72917
1.63958	2.10208
1.0625	1.62708
1.59792	2.00417
0.971875	1.24271
2.30208	2.60938
1.76563	1.96979
1.39583	1.68229
0.697917	0.828125
1.6125	1.79479
1.49792	1.99896
2.21875	2.76979
1.56458	1.98229
1.79167	1.79167
1.8125	2.29688
2.40521	2.76875
2.01667	2.49167
1.46979	1.78542
1.60104	1.88542
1.04583	1.45625
1.47083	1.83125
1.14375	1.52083
1.48646	1.71771
1.77604	1.63021
0.854167	0.854167
1.59375	2.01771
2.31771	2.92917
1.50625	2.10104
2.11979	2.61771
2.30208	2.86354
2.07396	2.59271
1.94792	2.16771
1.72708	2.26979
1.56771	1.6875
1.08125	1.28125
2.32292	2.51562
1.87083	2.36042
1.69271	2.29063
1.47917	2.18021
1.32292	1.61979
1.84167	2.30312
1.48437	1.38542
1.69792	2.26042
1.78125	2.26667
1.75	1.83333
1.42396	1.67292
1.81875	2.42396
1.63646	2.16354
1.3875	1.72292
2.41667	2.64583
1.9625	2.35104
1.30417	1.80521
1.42292	1.86875
1.69792	1.96354
1.78333	2.29375
1.56042	2.10312
1.54792	1.95417
1.60729	1.84375
1.72292	1.9625
1.89583	2.16667
1.62292	2.11354
1.35938	1.80208
1.22396	1.61979
2.10938	2.54167
1.61875	1.85833
1.22188	1.58542
1.46771	2.00938
2.16354	2.71979
1.72396	1.84375
1.74896	2.19479
1.96771	2.44896
1.69688	1.94167
1.46354	1.96667
1.58646	1.98542
1.81771	2.33333
1.46667	1.90625
1.45312	1.82604
