1.88235	2.36471
1.66667	2.04314
1.6451	2.11569
1.20882	1.72059
1.93431	2.60882
2.41471	2.81667
1.62549	2.13333
1.44804	1.63725
1.63333	1.71275
1.25588	1.42255
1.56373	1.94118
1.19608	1.46078
2.42353	2.84706
2.14118	2.4902
2.17647	2.62451
1.41863	1.8049
1.8	2.25196
1.68824	2.24314
2.32549	2.87941
1.44902	2.06078
1.52941	2.11176
1.38431	1.8402
1.92843	2.03627
1.7402	2.08333
2.86373	3.30294
2.08529	2.73235
1.82647	2.25196
1.72745	2.03431
1.36667	1.77157
1.40196	1.75
1.82255	2.27157
1.65882	2.15196
1.32353	1.48627
1.43922	1.63235
1.54902	2.03039
1.62745	1.84314
1.17353	1.62745
1.43235	1.63824
1.51176	1.88235
1.37451	1.79216
2.08726	2.37157
2.15098	2.70196
1.25588	1.63725
1.69216	2.21765
1.30882	1.36275
1.55882	1.99804
1.22549	1.22549
2.06863	2.26471
1.13725	1.43627
1.87255	1.82353
1.59608	2.01569
1.83137	2.15392
1.53039	1.98529
1.8951	2.12451
1.48039	1.77451
1.71078	2.11765
1.47549	1.51961
1.64216	1.87745
1.80784	2.33922
1.33333	1.89314
2.39902	2.82647
0.957843	1.37843
1.75392	2.27059
1.75098	1.93333
1.2598	1.70392
1.82745	2.18627
1.71274	2.01176
2	2.36471
1.05882	1.17157
1.61765	2.09118
1.73431	2.40098
1.24118	1.71176
1.55	2.05196
1.67647	2.07451
1.84412	2.2402
1.09804	1.42157
1.45098	1.71078
1.5598	1.78137
1.77549	1.95098
1.26471	1.56078
1.40196	1.59804
1.43824	1.75098
1.16569	1.63529
1.84314	2.06863
1.29412	1.79314
1.64412	2.0902
1.64706	1.65196
1.92647	2.04412
1.80392	1.84804
1.66176	1.88725
1.39902	1.73431
1.36863	1.72353
1.76471	1.82353
1.67745	2.10686
2.07549	2.60392
1.73039	1.99902
1.92451	2.35
1.16961	1.5549
1.73431	2.13529
1.9598	2.45098
