0.703509	1.012281
0.761404	0.913158
0.516667	0.693860
0.735088	1.043860
0.664912	0.856140
0.609649	0.785088
0.557018	0.802632
0.736842	0.884211
0.574561	0.835088
0.684210	1.000000
0.628070	0.894737
0.728947	1.017544
0.622807	0.970175
0.620175	0.870175
0.785088	1.095614
0.570175	0.907895
0.529825	0.516667
0.535088	0.815789
0.697368	0.921053
0.722807	0.895614
0.636842	0.883333
0.563158	0.836842
0.714912	1.066667
0.700877	0.951754
0.692105	0.885088
0.701754	0.947368
0.733333	0.943860
0.633333	0.705263
0.667544	0.983333
0.528947	0.698246
0.752632	0.784211
0.828070	1.078070
0.613158	0.848246
0.553509	0.812281
0.552632	0.864035
0.729825	0.949123
0.502632	0.738596
0.646491	0.787719
0.570175	0.867544
0.719298	0.907895
0.700877	0.978070
0.539474	0.793860
0.552632	0.791228
0.517544	0.622807
0.602632	0.920175
0.575439	0.951754
0.614035	0.821053
0.552632	0.622807
0.702632	0.920175
0.736842	1.019298
0.425439	0.653509
0.456140	0.701754
0.692105	0.851754
0.712281	0.935088
0.635965	0.872807
0.557018	0.807018
0.564035	0.900000
0.690351	0.779825
0.581579	0.891228
0.589474	0.640351
0.397368	0.660526
0.571053	0.765790
0.679825	0.732456
0.645614	0.963158
0.542105	0.898246
0.689474	0.892982
0.552632	0.833333
0.620176	0.919298
0.617544	0.939474
0.603509	0.800877
0.494737	0.767544
0.643860	0.924561
0.417544	0.582456
0.641228	0.917544
0.759649	0.852632
0.629825	0.762281
0.713158	1.028947
0.584211	0.794737
0.573684	0.862281
0.543860	0.782456
0.655263	0.885965
0.584211	0.646491
0.557018	0.844737
0.572807	0.768421
0.658772	1.019298
0.858772	0.982456
0.557018	0.796491
0.765790	0.892105
0.750877	0.955263
0.661403	0.877193
0.626316	0.907018
0.650877	0.901754
0.735965	0.981579
0.710526	0.899123
0.544737	0.827193
0.581579	0.721930
0.710526	0.961403
0.730702	0.970175
0.664912	0.838597
0.675439	0.793860
