0.666667	0.833333
0.944444	0.777778
0.500000	0.166667
0.000000	0.000000
0.666667	0.833333
0.500000	0.444444
0.466667	0.755556
1.000000	0.000000
1.333333	0.944444
0.666667	0.000000
1.416667	0.805556
2.000000	2.555556
0.333333	0.466667
1.333333	0.000000
1.333333	1.583333
1.444445	0.722222
0.666667	0.666667
1.000000	0.000000
1.666667	0.611111
1.333333	0.722222
1.333333	1.444445
1.733333	0.666667
0.583333	0.833333
0.777778	0.833333
0.500000	0.500000
1.822222	1.300000
1.111111	0.555556
0.722222	1.055556
0.666667	1.055556
0.988889	0.983333
0.666667	0.888889
0.333333	0.000000
0.500000	0.166667
0.666667	0.888889
2.000000	1.333333
1.000000	1.166667
0.333333	0.111111
1.000000	1.027778
1.266667	1.283333
0.666667	0.666667
1.083333	0.416667
0.666667	0.888889
0.722222	0.333333
0.600000	0.366667
0.666667	0.166667
0.666667	0.500000
0.416667	0.750000
0.666667	0.000000
0.777778	0.777778
0.638889	0.527778
0.638889	0.805556
0.833333	0.944444
0.433333	0.755556
1.000000	1.250000
1.000000	0.666667
0.666667	0.666667
0.000000	0.000000
0.488889	0.333333
1.400000	1.800000
1.000000	1.111111
0.333333	0.133333
0.666667	0.666667
0.666667	1.100000
1.066667	0.166667
1.000000	1.222222
1.000000	0.333333
1.555555	1.527778
1.333333	0.000000
0.666667	0.666667
0.666667	0.666667
0.666667	0.000000
0.400000	0.600000
0.755556	0.155556
0.766667	0.716667
1.600000	1.366667
1.000000	1.083333
0.333333	0.111111
1.000000	1.222222
1.100000	0.933333
0.666667	0.250000
0.666667	0.500000
0.805556	1.055555
0.444444	0.694444
0.666667	0.888889
1.400000	0.677778
0.777778	0.777778
1.333333	1.000000
0.666667	0.555556
1.000000	1.111111
1.033333	0.833333
0.700000	0.955556
0.666667	0.750000
1.000000	0.777778
1.166667	0.944444
0.944444	0.666667
0.333333	0.166667
1.000000	0.277778
0.666667	0.111111
1.166667	0.666667
0.666667	0.944444
