0.875000	0.750000
0.500000	0.625000
0.233333	0.233333
0.583333	0.750000
0.916667	0.979167
0.250000	0.625000
0.500000	0.750000
0.575000	0.975000
0.833333	0.875000
0.691667	0.991667
0.875000	0.875000
0.250000	0.458333
0.125000	0.312500
0.487500	0.975000
0.750000	0.729167
0.729167	0.541667
0.312500	0.604167
0.500000	0.208333
0.625000	0.375000
0.712500	0.650000
1.087500	1.000000
0.200000	0.725000
0.625000	0.916667
0.500000	0.583333
1.008333	1.233333
0.637500	0.675000
0.583333	0.833333
0.687500	0.562500
1.041667	1.145833
0.500000	0.500000
0.250000	0.583333
0.083333	0.458333
0.350000	0.591667
0.625000	0.833333
0.591667	0.866667
1.062500	0.312500
0.375000	0.708333
0.458333	0.750000
0.708333	0.854167
0.770833	0.854167
0.791667	0.750000
0.458333	0.708333
0.600000	0.800000
0.458333	0.562500
0.375000	0.375000
0.250000	0.562500
0.729167	0.645833
0.750000	0.583333
0.541667	0.833333
0.550000	0.550000
0.875000	0.541667
0.687500	0.250000
0.816667	1.091667
0.875000	0.958333
1.141667	1.308333
0.750000	0.541667
0.900000	0.962500
0.645833	0.729167
0.833333	0.791667
0.683333	0.858333
1.000000	1.000000
0.250000	0.000000
0.550000	0.675000
0.600000	0.900000
0.375000	0.625000
0.575000	0.820833
1.150000	1.375000
0.625000	0.958333
1.437500	1.087500
0.687500	0.687500
0.833333	0.583333
0.000000	0.000000
0.812500	0.375000
0.250000	0.625000
0.925000	0.937500
0.566667	1.050000
1.166667	1.125000
0.429167	0.812500
0.641667	1.033333
0.750000	0.875000
0.587500	0.937500
0.950000	0.975000
0.166667	0.145833
0.333333	0.125000
0.500000	0.833333
0.700000	0.750000
0.625000	0.937500
0.895833	0.687500
0.500000	0.375000
0.625000	0.791667
0.375000	0.208333
0.500000	0.250000
0.375000	0.500000
0.583333	0.875000
0.500000	0.791667
0.875000	0.575000
0.375000	0.583333
0.437500	0.500000
1.025000	1.275000
0.666667	1.000000
