1.080000	0.840000
0.680000	0.940000
0.720000	1.040000
1.133333	1.313333
0.440000	0.786667
0.883333	1.166667
0.933333	0.566667
0.786667	0.986667
0.766667	1.033333
1.300000	1.000000
1.133333	0.946667
0.900000	0.860000
0.466667	0.750000
1.200000	1.200000
0.866667	0.766667
0.800000	0.950000
1.066667	1.193333
0.900000	0.833333
0.900000	0.540000
0.650000	0.850000
0.600000	0.850000
0.700000	0.933333
1.066667	1.266667
1.400000	1.000000
0.966667	0.333333
0.680000	1.050000
0.600000	0.833333
0.633333	0.400000
0.660000	0.766667
1.116667	1.233333
0.920000	1.053333
0.800000	0.933333
0.500000	0.733333
0.610000	1.090000
0.350000	0.100000
1.000000	0.533333
1.200000	1.240000
0.990000	0.660000
0.883333	0.950000
0.560000	0.833333
1.060000	1.380000
0.666667	0.600000
0.566667	0.716667
0.626667	0.840000
0.733333	0.633333
0.400000	0.400000
1.113333	0.820000
0.866667	0.933333
1.000000	1.250000
0.853333	0.973333
0.040000	0.000000
0.420000	0.840000
1.160000	1.440000
0.853333	1.080000
0.900000	1.020000
0.666667	0.616667
0.433333	0.700000
1.000000	0.500000
0.986667	1.206667
0.593333	0.766667
1.733333	0.433333
0.666667	0.000000
0.616667	0.716667
1.266667	0.616667
0.583333	0.916667
0.900000	0.733333
1.120000	0.840000
0.533333	0.483333
0.800000	0.550000
0.986667	0.573333
1.000000	1.350000
0.800000	0.690000
1.000000	1.066667
0.520000	0.680000
0.400000	0.400000
0.640000	0.873333
1.300000	0.450000
0.746667	1.153333
0.760000	0.906667
0.880000	0.900000
1.200000	1.100000
0.566667	0.976667
0.433333	0.766667
0.670000	0.820000
0.766667	0.846667
0.600000	0.150000
0.500000	0.833333
0.600000	0.733333
1.366667	0.966667
0.700000	0.750000
0.566667	0.600000
1.020000	1.233333
0.800000	0.500000
0.960000	1.150000
1.380000	1.480000
0.580000	0.660000
0.833333	0.700000
1.066667	0.916667
0.866667	1.250000
0.523333	1.040000
