0.444444	0.694444
0.805556	1.083333
0.808333	1.050000
1.083333	0.930556
0.394444	0.716667
0.416667	0.625000
0.611111	0.827778
0.611111	0.583333
0.555556	0.694444
0.791667	0.891667
0.416667	0.583333
0.666667	0.583333
0.805556	0.944444
0.622222	1.027778
0.875000	0.972222
0.875000	1.138889
1.088889	1.000000
0.655556	0.980556
0.800000	1.233333
0.541667	0.638889
0.933333	0.947222
0.666667	0.750000
0.666667	0.666667
0.911111	1.238889
1.000000	1.083333
0.750000	1.138889
0.633333	0.944444
0.830555	1.250000
1.038889	1.094444
0.611111	0.833333
0.555556	0.416667
0.622222	0.944444
0.655556	0.927778
0.500000	0.833333
0.911111	0.905555
0.166667	0.500000
0.650000	0.927778
0.666667	0.638889
0.680556	1.097222
0.922222	1.222222
0.894444	1.100000
0.444444	0.736111
0.388889	0.583333
0.847222	0.666667
0.833333	0.933333
0.500000	0.694444
0.486111	0.555556
0.611111	0.888889
0.666667	0.861111
0.444444	0.666667
0.494444	0.872222
0.811111	1.061111
0.905556	1.094444
0.727778	1.100000
0.666667	0.816667
0.652778	0.916667
0.513889	0.777778
0.750000	0.875000
0.666667	0.708333
0.666667	0.666667
0.375000	0.208333
0.750000	0.930556
0.633333	0.833333
0.763889	0.833333
0.958333	1.000000
0.833333	0.500000
0.958333	0.902778
0.666667	0.583333
0.583333	0.850000
0.916667	0.791667
0.597222	0.666667
0.905556	1.213889
0.886111	1.044444
1.061111	1.105556
0.583333	0.791667
0.869444	1.211111
0.855556	0.927778
0.500000	0.805556
0.777778	1.027778
0.541667	0.666667
0.766667	1.077778
1.125000	1.516667
0.680556	0.652778
0.333333	0.458333
0.816667	0.866667
0.838889	1.038889
0.791667	0.916667
0.772222	0.927778
0.777778	0.583333
1.150000	0.791667
0.888889	0.875000
0.644444	0.833333
1.041667	0.944444
0.722222	0.305556
0.600000	0.944444
1.150000	1.133333
0.722222	1.013889
0.458333	0.666667
0.980556	1.222222
0.500000	0.783333
