0.797619	0.916667
1.157143	1.150000
1.026191	1.321429
0.880952	0.750000
0.916667	0.773810
0.604762	0.790476
0.952381	0.821429
0.809524	1.023810
0.916667	1.107143
0.476191	0.476191
0.571429	0.678571
1.071429	0.914286
1.314286	1.538095
1.009524	0.997619
1.071429	0.807143
0.666667	0.647619
0.404762	0.404762
0.357143	0.690476
0.285714	0.619048
0.742857	0.857143
0.314286	0.678571
0.797619	1.000000
0.738095	0.785714
0.928571	0.904762
0.478571	0.576190
0.833333	0.761905
0.726190	0.523810
0.795238	0.704762
0.628571	0.997619
0.985714	0.966667
0.876190	1.030952
0.885714	1.085714
0.500000	0.928571
0.619048	0.619048
0.666667	1.107143
0.814286	0.857143
0.857143	0.761905
0.771429	0.800000
1.357143	0.702381
0.642857	0.714286
0.723810	1.009524
0.919048	1.073810
0.785714	0.940476
1.107143	1.238095
0.821429	0.035714
0.914286	1.190476
0.892857	1.083333
0.488095	0.440476
1.000000	0.904762
1.154762	1.095238
0.821429	1.100000
0.723810	0.638095
0.942857	0.807143
0.738095	0.952381
0.600000	0.471429
0.571429	0.595238
0.871429	1.233333
0.738095	0.880952
1.035714	0.428571
0.500000	0.785714
0.642857	0.797619
0.880952	0.988095
0.666667	0.869048
0.547619	0.880952
0.738095	0.940476
0.521429	0.707143
0.535714	0.452381
0.678571	1.000000
1.261905	1.154762
0.785714	0.333333
0.785714	1.059524
0.823810	0.966667
0.828571	0.485714
0.523810	0.428571
1.214286	1.509524
0.654762	0.869048
0.714286	0.628571
0.690476	0.785714
0.595238	0.547619
0.559524	0.916667
1.104762	1.071429
0.728571	1.178571
0.904762	0.988095
0.771429	1.080952
0.600000	0.492857
0.535714	0.357143
0.547619	0.619048
0.971429	1.021429
1.097619	0.854762
0.823810	1.097619
0.642857	0.952381
1.000000	1.071429
0.500000	0.571429
0.964286	1.119048
0.885714	1.238095
0.750000	0.916667
1.166667	1.095238
0.521429	1.128571
0.466667	0.847619
0.666667	0.976190
