0.537500	0.850000
0.968750	0.943750
0.518750	1.056250
0.668750	0.977083
0.437500	0.875000
0.783333	1.072917
0.895833	1.083333
0.541667	0.958333
0.625000	0.635417
0.427083	0.666667
0.777083	1.047917
0.891667	0.979167
0.875000	1.145833
0.666667	0.843750
0.687500	0.979167
0.587500	0.687500
0.814583	1.075000
0.725000	0.979167
0.375000	0.604167
0.625000	0.806250
0.552083	0.635417
0.779167	1.079167
0.500000	0.500000
0.645833	0.795833
0.614583	0.718750
0.906250	0.906250
0.806250	1.112500
0.593750	0.822917
0.589583	0.850000
0.614583	0.781250
0.706250	1.150000
0.541667	0.760417
0.468750	0.760417
0.645833	0.877083
0.685417	0.987500
0.608333	0.758333
0.400000	0.793750
0.625000	0.906250
0.562500	0.666667
0.479167	0.677083
0.437500	0.708333
0.562500	0.625000
0.879167	1.062500
0.891667	1.147917
0.718750	1.145833
0.760417	0.889583
0.593750	0.687500
0.693750	0.868750
0.427083	0.708333
0.575000	0.958333
0.854167	0.958333
0.837500	1.091667
0.633333	0.891667
0.479167	0.802083
0.743750	1.054167
0.375000	0.697917
0.854167	1.041667
0.593750	0.437500
0.710417	1.022917
0.800000	0.975000
0.729167	0.812500
0.789583	1.072917
0.560417	0.775000
0.727083	0.950000
0.679167	0.804167
0.487500	0.637500
1.000000	0.875000
0.645833	0.770833
0.520833	0.812500
0.762500	0.970833
1.000000	1.114583
0.281250	0.343750
0.537500	0.800000
0.483333	0.758333
0.270833	0.458333
0.531250	0.708333
0.708333	0.995833
0.791667	0.697917
0.908333	1.162500
0.416667	0.520833
0.885417	0.854167
0.550000	0.777083
0.354167	0.395833
0.581250	0.854167
0.697917	0.962500
0.531250	0.697917
0.845833	1.179167
0.377083	0.762500
0.625000	0.697917
0.500000	0.750000
0.604167	0.666667
0.937500	1.075000
0.385417	0.750000
0.941667	1.125000
0.800000	1.052083
0.541667	0.791667
0.818750	1.143750
0.687500	0.635417
0.781250	0.950000
0.437500	0.312500
