0.768519	0.724074
0.779630	1.074074
0.422222	0.725926
0.811111	0.829630
0.938889	1.033333
0.888889	0.629630
0.648148	0.638889
0.898148	1.090741
0.740741	0.862963
0.750000	0.879630
0.574074	0.629630
0.629630	0.935185
0.537037	0.888889
0.837037	1.109259
0.688889	0.909259
0.851852	0.851852
0.903704	1.248148
0.566667	0.901852
0.574074	0.524074
0.674074	0.842593
0.583333	0.657407
0.666667	0.796296
0.592593	0.857407
0.870370	0.740741
0.772222	0.777778
0.966667	1.212963
0.559259	0.848148
0.555556	0.472222
0.546296	0.629630
0.629630	0.500000
0.572222	0.972222
0.777778	0.935185
0.648148	0.712963
0.625926	1.011111
0.455556	0.785185
0.696296	0.688889
0.651852	0.835185
0.653704	1.012963
0.768518	1.011111
0.946296	1.379630
0.611111	0.694444
0.703704	0.481481
0.759259	0.592593
0.592593	0.685185
0.583333	0.907407
0.574074	0.425926
0.592593	0.714815
0.611111	0.757407
0.714815	0.918519
0.955556	1.233333
0.844445	1.018518
0.757407	0.992593
0.740741	0.870370
0.870370	1.057407
0.996296	1.133333
0.570370	0.759259
0.740741	0.935185
0.637037	0.937037
0.666667	0.851852
0.527778	0.712963
0.592593	0.685185
1.222222	1.157407
0.751852	0.942593
0.751852	1.011111
1.027778	0.388889
0.848148	1.118518
0.462963	0.583333
0.638889	1.011111
0.777778	0.766667
0.696296	0.805556
0.694444	0.901852
0.453704	0.657407
0.544444	0.964815
0.548148	0.953704
1.027778	1.129630
0.740741	1.018519
0.620370	0.601852
0.351852	0.722222
0.574074	0.537037
0.772222	0.907407
0.779630	1.031482
0.657407	0.888889
0.675926	0.981481
0.588889	0.800000
0.592593	0.759259
0.788889	0.972222
0.833333	0.925926
0.627778	0.507407
0.629630	0.879630
0.870370	0.888889
0.700000	0.961111
0.922222	1.107407
0.874074	1.064815
0.768519	1.007407
0.833333	0.388889
0.574074	0.638889
0.681482	0.957407
0.705556	0.996296
0.770370	0.975926
0.783333	0.983333
