0.933333	0.958333
0.758333	0.758333
0.675000	1.016667
0.766667	1.075000
0.466667	0.633333
0.783333	0.766667
0.500000	0.475000
0.790000	1.020000
0.516667	0.666667
0.591667	0.866667
0.666667	0.791667
0.625000	0.891667
0.991667	1.016667
0.716667	0.616667
0.775000	0.591667
0.590000	0.790000
0.525000	0.750000
0.841667	0.866667
0.525000	0.483333
0.650000	0.900000
0.680000	0.775000
0.485000	0.545000
0.383333	0.350000
0.650000	0.741667
0.583333	0.800000
0.900000	0.733333
0.658333	0.883333
0.795000	1.005000
0.600000	0.716667
0.775000	1.008333
0.691667	0.950000
0.591667	0.766667
0.716667	0.816667
0.700000	0.725000
0.608333	0.791667
0.600000	0.560000
0.800000	0.783333
0.583333	0.750000
0.650000	0.858333
0.808333	0.833333
0.870000	1.030000
0.741667	0.991667
0.325000	0.733333
0.616667	0.766667
0.425000	0.733333
0.600000	0.766667
0.933333	0.941667
0.541667	0.808333
0.566667	0.758333
0.816667	1.158333
0.500000	0.550000
0.558333	0.625000
0.650000	0.966667
0.958333	0.783333
0.700000	0.833333
0.850000	1.050000
0.790000	0.980000
0.815000	0.935000
0.645000	0.955000
0.366667	0.408333
0.510000	0.745000
0.675000	0.991667
0.525000	0.783333
0.316667	0.483333
0.691667	0.933333
0.620000	0.670000
0.750000	0.908333
0.941667	1.108333
0.816667	1.058333
0.450000	0.640000
0.583333	0.816667
0.816667	0.783333
0.850000	0.925000
0.685000	0.915000
0.600000	0.541667
0.440000	0.690000
0.700000	0.916667
0.808333	1.066667
0.950000	1.075000
0.600000	0.783333
0.675000	1.000000
0.470000	0.680000
0.983333	1.083333
0.600000	0.708333
0.716667	0.958333
0.550000	0.708333
0.745000	0.955000
0.525000	0.841667
0.515000	0.925000
0.575000	0.883333
0.715000	0.735000
0.616667	0.825000
0.566667	0.633333
0.633333	0.883333
0.591667	0.841667
0.550000	0.708333
0.591667	0.716667
0.841667	0.841667
0.500000	0.791667
0.930000	1.030000
