0.871212	1.109091
0.650000	0.765152
0.575758	0.734848
0.484848	0.454545
0.568182	0.742424
0.631818	0.977273
0.590909	0.727273
0.689394	1.000000
0.827273	1.154545
0.556061	0.901515
0.886364	1.171212
0.651515	0.795455
0.981818	0.927273
0.727273	0.787879
0.566667	0.906061
0.530303	0.833333
1.012121	1.057576
0.906061	0.900000
0.769697	0.712121
0.683333	0.745455
0.590909	0.545455
0.813636	1.000000
0.783333	1.165151
0.943939	0.951515
0.548485	0.598485
0.669697	0.669697
0.940909	0.977273
0.722727	0.972727
0.803030	0.772727
0.630303	0.754545
0.660606	0.957576
0.812121	0.875758
0.690909	1.022727
0.727273	0.854546
0.725758	1.060606
0.795455	1.128788
0.712121	1.104545
0.545455	0.734849
0.727273	1.090909
0.657576	0.842424
0.671212	0.860606
0.639394	1.000000
0.881818	1.095454
0.477273	0.531818
0.545455	0.765152
0.612121	0.796970
0.636364	0.818182
0.881818	1.042424
0.503030	0.718182
0.840909	0.613636
0.651515	0.818182
0.772727	0.795455
0.810606	1.222727
0.636364	0.833333
0.840909	1.030303
0.865151	1.200000
0.612121	0.521212
0.642424	0.830303
0.545455	0.803030
0.734849	0.863636
0.636364	0.568182
0.386364	0.700000
1.030303	0.946970
0.498485	0.789394
0.553030	0.636364
0.700000	1.042424
0.560606	0.712121
0.613636	0.848485
0.992424	1.292424
0.848485	0.931818
0.606061	0.946970
0.809091	0.963636
0.681818	0.750000
0.636364	0.840909
0.762121	1.018182
0.500000	0.598485
0.739394	0.900000
0.500000	0.750000
0.750000	0.984849
0.707576	0.922727
0.877273	0.715152
0.530303	0.765152
0.680303	0.959091
0.643939	0.415152
0.613636	0.822727
0.703030	0.880303
0.803030	1.056061
0.575758	0.672727
0.909091	1.224242
0.640909	1.054545
0.606061	0.803030
0.430303	0.633333
0.663636	0.890909
0.462121	0.606061
0.795455	1.030303
0.812121	0.981818
0.615152	0.812121
0.772727	0.921212
0.603030	0.857576
0.834848	1.080303
