0.431944	0.648611
0.458333	0.375000
0.722222	0.937500
0.840278	0.854167
0.597222	0.705555
0.744444	0.886111
0.541667	0.902778
0.555556	0.812500
0.523611	0.916667
0.781944	0.980556
0.625000	0.583333
0.801389	1.151389
0.763889	0.937500
0.702778	0.931944
0.729167	0.950000
0.965278	1.062500
0.965278	1.219444
0.654167	0.880556
0.430556	0.680556
0.666667	1.030556
0.666667	0.897222
0.644444	0.791667
0.752778	0.962500
0.559722	0.769444
0.809722	1.123611
0.591667	0.741667
0.701389	1.090278
0.840278	0.888889
0.812500	1.027778
0.548611	0.833333
0.694444	0.918055
0.683333	0.920833
0.727778	1.025000
0.527778	0.638889
0.654167	0.991667
0.509722	0.751389
0.663889	0.875000
0.620833	0.990278
0.516667	0.741667
0.925000	1.125000
0.576389	0.750000
0.630556	0.930556
0.451389	0.576389
0.969444	0.980555
0.644444	0.945833
0.701389	0.822222
0.500000	0.583333
0.472222	0.680556
0.677778	0.838889
0.616667	0.719444
0.611111	0.541667
0.555556	0.645833
0.583333	0.840278
0.655556	0.952778
0.605556	0.927778
0.922222	0.913889
0.775000	1.027778
0.545833	0.737500
0.836111	0.848611
0.736111	0.993056
0.708333	0.819444
0.333333	0.375000
0.522222	0.730556
0.655556	1.040278
0.734722	1.044444
0.583333	0.883333
0.513889	0.430556
0.726389	1.013889
0.608333	0.916667
0.747222	1.054167
0.430556	0.541667
0.638889	0.812500
0.605556	0.825000
0.525000	0.575000
0.973611	1.169444
0.430556	0.493056
0.608333	1.027778
0.600000	0.680556
0.665278	0.955555
0.673611	1.022222
0.597222	0.701389
0.477778	0.805556
0.847222	1.197222
0.444444	0.555556
0.630556	0.804167
0.513889	0.708333
0.615278	0.820833
0.641667	0.877778
0.605556	0.937500
0.604167	0.770833
0.625000	0.844444
0.816667	0.922222
0.754167	0.965278
0.736111	0.875000
0.458333	0.347222
0.780556	0.930556
0.737500	1.000000
0.493056	0.743056
0.650000	0.779167
0.540278	0.609722
