0.679487	0.891026
0.596154	0.769231
0.748718	0.964103
0.596154	0.724359
0.726923	1.003846
0.825641	0.923077
0.857692	0.958974
0.748718	0.956410
0.608974	0.711539
0.625641	0.926923
0.716667	0.971795
0.735897	0.955128
0.476923	0.641026
0.679487	0.769231
0.697436	0.761539
0.815385	0.902564
0.656410	1.021795
0.803846	1.000000
0.596154	0.551282
0.775641	1.132051
0.685897	0.737179
0.775641	0.820513
0.770513	1.015385
0.508974	0.706410
0.564103	0.826923
0.807692	0.979487
0.814103	0.737179
0.657692	0.741026
0.525641	0.865385
0.621795	0.910256
0.725641	0.779487
0.543590	0.720513
0.606410	0.843590
0.835897	0.825641
0.588462	0.788462
0.821795	1.012820
0.676923	0.830769
0.776923	1.002564
0.878205	0.788462
0.719231	0.874359
0.667949	0.903846
0.739744	1.125641
0.856410	1.153846
0.678205	0.969231
0.578205	0.884615
0.487179	0.771795
0.916667	1.070513
0.578205	0.794872
0.662820	0.780769
0.820513	1.010256
0.741026	0.876923
0.546154	0.638462
0.700000	0.794872
0.389744	0.756410
0.884615	0.805128
0.715385	0.857692
0.783333	0.950000
0.576923	0.769231
0.584615	0.964103
0.561538	0.689744
0.479487	0.587180
0.792308	0.926923
0.789744	0.791026
0.811538	1.015385
0.884615	0.961538
0.678205	1.014103
0.741026	1.082051
0.561538	0.784615
0.841026	1.016667
0.817949	1.019231
0.766667	0.962820
0.474359	0.589744
0.884615	0.761538
0.717949	0.869231
0.700000	0.967949
0.693590	0.758974
0.525641	0.705128
0.743590	0.782051
0.730769	0.967949
0.743590	0.737180
0.634615	0.935897
0.861538	1.129487
0.751282	0.900000
0.826923	1.044872
0.528205	0.746154
0.619231	0.664103
0.629487	0.852564
0.469231	0.671795
0.480769	0.365385
0.805128	1.035897
0.724359	1.038462
0.634615	0.743590
0.615385	0.756410
0.807692	1.237180
0.734615	0.864103
0.679487	0.869231
0.696154	0.964103
0.674359	1.112821
0.717949	0.946154
0.801282	0.987179
