0.779762	0.977381
0.623809	0.863095
0.594048	0.742857
0.578571	0.890476
0.761905	0.985714
0.607143	0.761905
0.786905	1.084524
0.573810	1.001190
0.745238	0.990476
0.503571	0.877381
0.672619	0.892857
0.610714	0.835714
0.780952	0.911905
0.507143	0.733333
0.547619	0.726190
0.702381	0.883333
0.607143	0.773809
0.548810	0.811905
0.533333	0.551190
0.685714	1.052381
0.570238	0.833333
0.792857	1.065476
0.534524	0.770238
0.952381	1.261905
0.632143	0.889286
0.459524	0.735714
0.697619	1.025000
0.727381	1.051190
0.745238	0.934524
0.592857	0.870238
0.516667	0.759524
0.820238	1.069048
0.496429	0.728571
0.783333	1.003571
0.608333	0.867857
0.630952	0.595238
0.766667	0.950000
0.636905	0.678571
0.654762	0.842857
0.590476	0.836905
0.859524	1.126191
0.575000	0.841667
0.607143	0.761905
0.488095	0.654762
0.708333	0.890476
0.752381	1.011905
0.919048	1.066667
0.541667	0.785714
0.714286	0.966667
0.583333	0.773809
0.558333	0.817857
0.636905	1.038095
0.585714	0.783333
0.621429	0.885714
0.622619	0.863095
0.905952	1.122619
0.723809	1.033333
0.521429	0.733333
0.689286	0.964286
0.642857	0.803571
0.601190	0.730952
0.742857	0.857143
0.505952	0.678571
0.601190	0.892857
0.685714	0.955952
0.540476	0.795238
0.703571	0.905952
0.550000	0.851191
0.590476	0.782143
0.700000	0.788095
0.846429	1.079762
0.652381	0.911905
0.547619	0.809524
0.558333	0.820238
0.557143	0.880952
0.733333	0.745238
0.684524	0.976191
0.458333	0.755952
0.596429	0.900000
0.619048	0.927381
0.595238	0.708333
0.619048	0.720238
0.638095	0.914286
0.778571	1.090476
0.830952	1.111905
0.676190	0.816667
0.697619	0.892857
0.666667	0.761905
0.540476	0.771428
0.547619	0.767857
0.801190	1.034524
0.782143	0.811905
0.615476	0.897619
0.647619	0.954762
0.520238	0.603571
0.583333	0.614286
0.713095	1.098810
0.614286	0.896429
0.635714	0.725000
0.684524	0.898809
