0.696667	1.047778
0.612222	1.010000
0.714444	0.917778
0.738889	1.020000
0.512222	0.732222
0.504444	0.854444
0.577778	0.861111
0.581111	0.958889
0.800000	0.888889
0.615556	0.975556
0.606667	0.755556
0.744444	0.800000
0.605556	1.056667
0.617778	0.836667
0.682222	0.983333
0.722222	0.738889
0.682222	0.942222
0.623333	0.797778
0.674444	0.881111
0.681111	0.918889
0.643333	0.930000
0.505556	0.794444
0.862222	1.077778
0.400000	0.483333
0.704444	0.615556
0.687778	0.898889
0.524444	0.911111
0.636667	0.790000
0.580000	0.883333
0.763333	0.894444
0.648889	0.884444
0.584444	0.815556
0.556667	0.848889
0.642222	0.880000
0.655556	0.922222
0.726667	0.697778
0.555556	0.650000
0.653333	0.872222
0.622222	0.766667
0.875556	0.640000
0.411111	0.666667
0.672222	0.891111
0.813333	1.015556
0.706667	0.935556
0.638889	1.035556
0.570000	0.648889
0.796667	0.958889
0.654444	0.758889
0.752222	1.092222
0.800000	0.987778
0.800000	0.877778
0.535556	0.915556
0.616667	0.755555
0.531111	0.761111
0.590000	0.902222
0.500000	0.638889
0.852222	1.016667
0.794444	1.033333
0.561111	0.616667
0.711111	0.672222
0.545555	0.751111
0.535556	0.735556
0.777778	0.783333
0.544444	0.677778
0.700000	0.644444
0.510000	0.833333
0.861111	1.037778
0.562222	0.842222
0.377778	0.533333
0.554444	0.822222
0.738889	0.991111
0.692222	0.992222
0.822222	0.883333
0.644444	0.916667
0.702222	0.866667
0.664445	0.925555
0.666667	1.031111
0.735556	0.895556
0.794444	0.783333
0.661111	0.927778
0.526667	0.865556
0.647778	0.887778
0.696667	0.907778
0.577778	0.871111
0.533333	0.622222
0.553333	0.842222
0.678889	0.996667
0.477778	0.633333
0.752222	1.005556
0.538889	0.822222
0.690000	0.960000
0.647778	0.886667
0.723333	0.952222
0.588889	0.738889
0.718889	0.968889
0.506667	0.760000
0.658889	0.923333
0.726667	1.064444
0.643333	0.930000
0.790000	0.884444
