0.740625	0.947917
0.661458	0.838542
0.750000	0.958333
0.625000	0.932292
0.735417	1.029167
0.480208	0.773958
0.723958	0.958333
0.702083	0.942708
0.480208	0.716667
0.635417	0.890625
0.711458	0.900000
0.631250	0.952083
0.516667	0.868750
0.671875	0.692708
0.615625	0.926042
0.406250	0.761458
0.768750	0.965625
0.678125	0.945833
0.739583	0.942708
0.648958	0.867708
0.500000	0.713542
0.703125	0.979167
0.743750	0.994792
0.647917	0.868750
0.604167	0.741667
0.395833	0.692708
0.785417	0.916667
0.483333	0.723958
0.817708	1.114583
0.539583	0.843750
0.447917	0.604167
0.343750	0.666667
0.532292	0.719792
0.579167	0.931250
0.735417	0.928125
0.618750	0.916667
0.635417	0.656250
0.548958	0.854167
0.739583	1.117708
0.717708	0.917708
0.593750	0.837500
0.616667	0.831250
0.639583	0.929167
0.600000	0.889583
0.427083	0.700000
0.602083	0.872917
0.541667	0.739583
0.500000	0.583333
0.644792	0.858333
0.838542	1.109375
0.664583	0.900000
0.583333	0.959375
0.739583	1.073958
0.763542	1.111458
0.725000	1.002083
0.586458	0.905208
0.593750	0.692708
0.485417	0.658333
0.604167	0.802083
0.675000	0.925000
0.766667	0.960417
0.548958	0.682292
0.463542	0.666667
0.717708	0.932292
0.505208	0.619792
0.546875	0.723958
0.570833	0.920833
0.562500	0.645833
0.635417	0.766667
0.736458	0.992708
0.596875	0.908333
0.575000	0.708333
0.776042	0.942708
0.819792	1.110417
0.620833	0.865625
0.650000	0.948958
0.583333	0.942708
0.691667	0.983333
0.615625	1.004167
0.482292	0.658333
0.636458	0.915625
0.660417	0.893750
0.645833	0.906250
0.639583	0.936458
0.591667	0.840625
0.552083	0.828125
0.866667	1.221875
0.536458	0.813542
0.536458	0.664583
0.592708	0.792708
0.653125	1.030208
0.479167	0.645833
0.520833	0.844792
0.803125	1.087500
0.690625	0.922917
0.652083	1.015625
0.685417	1.020833
0.709375	0.947917
0.668750	0.978125
0.538542	0.848958
