0.766667	0.766667
0.600980	0.955882
0.568627	0.898039
0.468627	0.759804
0.651961	0.822549
0.781373	1.015686
0.643137	0.890196
0.444118	0.686275
0.586275	0.914706
0.600000	0.856863
0.584314	0.800000
0.490196	0.647059
0.706863	1.039216
0.752941	1.019608
0.614706	0.748039
0.673529	0.954902
0.583333	0.932353
0.514706	0.840196
0.733333	0.939216
0.564706	0.839216
0.376471	0.600000
0.473529	0.645098
0.596078	0.795098
0.493137	0.701961
0.662745	1.003921
0.853922	1.015686
0.638235	0.947059
0.645098	0.864706
0.637255	0.852941
0.534314	0.745098
0.693137	0.867647
0.672549	0.881373
0.532353	0.589216
0.655882	0.909804
0.716667	0.966667
0.470588	0.740196
0.694118	0.980392
0.610784	0.907843
0.714706	0.723529
0.601961	0.815686
0.712745	1.086275
0.750980	1.086275
0.604902	0.762745
0.683333	0.886275
0.450980	0.794118
0.608823	0.673529
0.656863	0.813725
0.602941	0.803922
0.392157	0.754902
0.549020	0.544118
0.764706	0.927451
0.522549	0.788235
0.623529	0.891176
0.677451	0.814706
0.534314	0.730392
0.672549	0.976471
0.534314	0.598039
0.578431	0.813726
0.763726	1.042157
0.748039	0.911765
0.724510	0.809804
0.519608	0.853921
0.592157	0.814706
0.507843	0.645098
0.537255	0.681373
0.641176	0.844118
0.544118	0.764706
0.652941	0.932353
0.539216	0.656863
0.543137	0.873529
0.591176	0.893137
0.633333	0.894118
0.557843	0.876471
0.585294	0.899020
0.492157	0.746078
0.622549	0.730392
0.470588	0.661765
0.598039	0.845098
0.720588	0.865686
0.534314	0.752941
0.514706	0.740196
0.535294	0.723529
0.554902	0.802941
0.568627	0.715686
0.588235	0.834314
0.760784	1.062745
0.529412	0.696078
0.671569	0.642157
0.593137	0.872549
0.665686	1.032353
0.350980	0.753922
0.580392	0.791176
0.612745	0.799020
0.648039	0.783333
0.715686	1.070588
0.678431	0.958824
0.598039	0.888235
0.567647	0.733333
0.675490	0.876471
0.887255	0.986275
