0.591667	0.955556
0.755556	0.893519
0.563889	0.893518
0.511111	0.828704
0.575926	0.903704
0.700926	1.054630
0.699074	0.984259
0.699074	0.926852
0.483333	0.718518
0.557407	0.862963
0.574074	0.791667
0.523148	0.625000
0.549074	0.923148
0.694444	0.879630
0.606481	0.666667
0.569444	0.717593
0.680556	0.892593
0.695370	0.838889
0.550926	0.848148
0.694444	0.740741
0.611111	0.846296
0.662963	0.914815
0.667593	0.912037
0.603704	0.894444
0.602778	0.740741
0.751852	0.886111
0.862963	1.025000
0.625000	0.922222
0.541667	0.817593
0.520370	0.779630
0.563889	0.884259
0.647222	0.877778
0.587963	0.827778
0.707407	0.779630
0.677778	0.955556
0.652778	0.925926
0.678704	0.866667
0.625926	0.880556
0.541667	0.699074
0.670370	1.001852
0.698148	0.912963
0.626852	0.950000
0.589815	0.877778
0.564815	0.844444
0.703704	0.985185
0.564815	0.638889
0.512037	0.729630
0.482407	0.734259
0.672222	0.975000
0.440741	0.783333
0.637963	0.875926
0.671296	0.987963
0.750926	1.099074
0.440741	0.770370
0.456482	0.744444
0.615741	0.930556
0.583333	0.944444
0.611111	0.874074
0.675926	1.064815
0.623148	0.806482
0.458333	0.578704
0.574074	0.731481
0.560185	0.732407
0.531482	0.751852
0.629630	0.850000
0.678704	0.957407
0.608333	0.778704
0.555556	0.763889
0.737963	1.047222
0.597222	0.620370
0.581481	0.790741
0.819444	1.046296
0.733333	0.930556
0.581482	0.801852
0.680556	0.972222
0.546296	0.620370
0.642593	0.925926
0.557407	0.751852
0.562963	0.796296
0.568519	0.896296
0.742593	0.981481
0.675926	0.699074
0.758333	0.954630
0.560185	0.773148
0.351852	0.592593
0.655556	0.833333
0.671296	0.937037
0.700926	1.027778
0.465741	0.717593
0.612037	0.788889
0.588889	0.709259
0.594444	0.900000
0.560185	0.879630
0.637037	0.918518
0.535185	0.873148
0.667593	1.011111
0.599074	0.766667
0.744444	0.928704
0.523148	0.799074
0.646296	0.903704
