0.887719	1.01228
0.92807	0.913158
0.855263	0.757017
0.979825	1.13772
0.845614	0.85614
1.02632	0.785088
0.777193	0.802632
0.957017	0.884211
0.822807	0.885088
1.02807	1
1.03947	0.963158
1.0807	1.04737
1.11491	1.09123
0.887719	0.914035
1	1.09561
0.942982	0.907895
0.749123	0.516667
1.24561	0.815789
1.15789	0.890351
1.00088	0.93421
0.907018	0.875439
0.996491	0.889474
0.917544	1.06667
0.885965	1.01491
1.02719	0.908772
1.01316	0.947368
1.10789	0.94386
0.964912	0.705263
0.994737	0.983333
0.670175	0.698246
0.942105	0.784211
1.15439	1.12982
0.861404	0.848246
0.757895	0.812281
0.969298	0.918421
1.02281	0.949123
0.800877	0.812281
0.892982	0.945614
0.759649	0.867544
1.36404	0.907895
1.22807	1.06842
0.745614	0.79386
0.986842	0.932456
0.723684	0.622807
0.805263	0.920175
0.892982	0.974561
0.805263	0.821053
0.675439	0.622807
1.08684	0.988596
1.12719	1.09825
0.938596	0.653509
0.741228	0.701754
1.07105	0.94386
0.912281	0.935088
0.776316	0.872807
0.849123	0.807018
1.00877	0.982456
0.909649	0.854386
0.664035	0.891228
0.821053	0.640351
0.665789	0.7
0.764035	0.76579
1.11404	0.732456
1.02456	1.00088
0.764912	0.966667
1.16754	0.999123
0.785088	0.833333
0.767544	0.87807
0.92807	0.996491
0.890351	0.881579
0.85	0.842105
0.869298	0.924561
0.847368	0.698246
0.937719	0.917544
1.21228	0.992105
0.828947	0.762281
0.892982	1.02895
0.840351	0.794737
0.863158	0.862281
0.814035	0.782456
1.06754	0.921053
0.960527	0.691228
0.9	0.868421
0.763158	0.768421
0.873684	1.0193
1.10088	0.944737
0.735965	0.796491
0.920175	0.892105
0.87807	0.986842
0.950877	0.877193
0.969298	0.905263
0.829825	0.901754
0.990351	0.981579
0.881579	0.899123
0.869298	0.827193
0.764912	0.72193
1.02982	0.961403
1.20439	1.08421
0.927193	0.838597
0.903509	0.79386
