0.266667	0
0.402083	0.0916667
0.73125	0
0.689583	0
1.125	0.166667
0.685417	0
0.864583	0
0.4	0
1.80208	0
0.979167	0
0.808333	0
0.475	0
0.425	0
0.46875	0
0.59375	0
0.375	0
0.477083	0
0.233333	0.0166667
0.270833	0
0.483333	0
0.96875	0
0.46875	0
0.875	0.09375
0.508333	0
0.770833	0.114583
0.84375	0
0.4875	0
0.177083	0
0.31875	0.00833333
0.802083	0
0.529167	0
0.447917	0
0.791667	0
0.447917	0
0.316667	0.16875
0.404167	0.183333
0.575	0
0.5	0
0.447917	0
1.02083	0
0.333333	0
1.40625	0
0.1375	0
0.38125	0
0.266667	0
0.289583	0
0.885417	0
0.55	0
0.458333	0
0.295833	0
0.197917	0
0.54375	0
0.466667	0
0.354167	0
0.608333	0
0.59375	0
0.78125	0
0.864583	0.0208333
0.422917	0
1.175	0
0.541667	0
0.520833	0
0.279167	0
0.54375	0
0.295833	0.0208333
0.445833	0.125
0.5625	0
0.6875	0
0.354167	0
0.941667	0
0.645833	0
0.78125	0
0.575	0
0.204167	0
0.666667	0
0.875	0.09375
0.4875	0
1.02083	0
0.447917	0
0.5	0.0833333
0.927083	0
0.29375	0
0.5	0
0.49375	0
0.452083	0.216667
0.6875	0.0416667
0.1625	0
0.33125	0
0.625	0
0.5625	0
1.1875	0
0.2375	0
0.208333	0
0.141667	0
0.504167	0
0.9375	0
0.66875	0
0.59375	0
0.614583	0
0.6875	0
