0.62037	0.12963
0.312963	0
0.192593	0
0.4	0
0.464815	0.1
0.574074	0
1.77778	0
0.483333	0
0.396296	0
1.52778	0
1.12963	0
0.62963	0
0.425926	0.0925926
0.275926	0
0.47037	0
0.648148	0.0925926
0.540741	0
0.381481	0
0.298148	0
0.694444	0
0.592593	0
0.87037	0
0.422222	0
0.722222	0
0.405556	0.0555556
0.305556	0
0.687037	0
0.490741	0
0.925926	0.037037
0.685185	0
0.566667	0
0.546296	0
0.518519	0
0.459259	0
0.311111	0
0.292593	0.0555556
0.301852	0
0.496296	0
0.483333	0
0.5	0.0222222
1.25	0
0.824074	0
0.648148	0
0.925926	0.0555556
0.472222	0.037037
0.5	0
0.392593	0.0037037
0.277778	0.148148
0.351852	0.2
0.222222	0
0.474074	0
0.488889	0
0.703704	0.0925926
0.433333	0
0.296296	0
0.174074	0
0.953704	0
0.47037	0
0.555556	0
0.601852	0
0.759259	0
0.672222	0
0.42037	0
0.381481	0
0.657407	0.0648148
0.355556	0
1.65741	0
0.655556	0
0.296296	0.0111111
0.683333	0
0.535185	0
0.694444	0
0.366667	0.0777778
0.457407	0
0.861111	0
0.659259	0
0.703704	0.0277778
0.540741	0
0.5	0
0.712963	0
0.411111	0.00925926
0.435185	0.0462963
0.462963	0
0.488889	0
0.555556	0
0.633333	0
0.962963	0
0.535185	0
0.546296	0
0.814815	0
0.409259	0
0.337037	0
0.524074	0
0.335185	0.05
0.481481	0.0833333
0.935185	0
0.35	0
0.325926	0
0.277778	0
0.894444	0
