0.548611	0.102778
0.375	0.0416667
0.527778	0.0763889
0.458333	0
0.456944	0.148611
0.3375	0.1125
0.625	0.208333
0.513889	0.222222
0.441667	0.0597222
0.390278	0.227778
0.486111	0.0972222
0.436111	0.281944
0.45	0.173611
0.570833	0.198611
0.745833	0.233333
0.75	0.326389
0.4625	0.236111
0.404167	0.231944
0.611111	0.125
0.3	0.255556
0.548611	0.0791667
0.322222	0.0722222
0.508333	0.125
0.506944	0.0277778
0.491667	0.281944
0.45	0
0.795833	0.254167
0.555556	0.159722
0.701389	0.1875
0.895833	0.25
0.506944	0.186111
0.365278	0.190278
0.713889	0.205556
0.638889	0.0416667
0.395833	0.245833
0.394444	0.219444
0.425	0.166667
0.406944	0.143056
0.35	0.125
0.416667	0.130556
0.666667	0.201389
0.225	0.186111
0.548611	0.201389
0.426389	0.122222
0.579167	0.202778
0.440278	0.0277778
0.444444	0.0138889
0.590278	0.0763889
0.433333	0.227778
0.408333	0.191667
0.458333	0.0555556
0.5	0.0486111
0.708333	0.159722
0.502778	0.291667
0.331944	0.186111
0.572222	0.213889
0.426389	0.243056
0.390278	0.0236111
0.668056	0.0527778
0.440278	0.356944
0.355556	0.208333
0.416667	0
0.255556	0.0472222
0.420833	0.338889
0.6125	0.191667
0.616667	0.0805556
0.472222	0.138889
0.522222	0.302778
0.381944	0.340278
0.523611	0.370833
0.583333	0
1.08333	0.166667
0.377778	0.288889
0.258333	0.0666667
0.272222	0.194444
0.618056	0.25
0.444444	0.355556
0.508333	0.330556
0.316667	0.188889
0.4625	0.2625
0.520833	0.0763889
0.461111	0.0527778
0.375	0.430556
0.416667	0.0138889
0.445833	0.0444444
0.527778	0.222222
0.580556	0.229167
0.458333	0.113889
0.456944	0.108333
0.479167	0.236111
0.658333	0.313889
0.311111	0.0833333
0.516667	0.213889
1.28472	0.222222
0.402778	0
0.380556	0.127778
0.459722	0.147222
0.659722	0.0416667
0.55	0.141667
0.330556	0.0555556
