0.4	0.244872
0.544872	0.128205
0.579487	0.141026
0.858974	0.333333
0.56282	0.334615
0.297436	0.187179
0.426923	0.369231
0.474359	0.351282
0.653846	0.25641
0.470513	0.294872
0.45641	0.251282
0.628205	0.334615
0.212821	0.166667
1.37179	0.173077
0.510256	0.141026
0.697436	0.235897
0.637179	0.30641
0.575641	0.179487
0.557692	0.365385
0.584615	0.370513
0.865385	0.403846
0.775641	0.134615
0.503846	0.35
0.594872	0.25641
0.5	0.384615
0.333333	0.289744
1.25	0.134615
0.464103	0.271795
0.571795	0.237179
0.679487	0.307692
0.282051	0.120513
0.489744	0.269231
0.370513	0.144872
0.523077	0.192308
0.576923	0.323077
0.576923	0.485897
0.458974	0.258974
0.502564	0.419231
0.50641	0.160256
0.482051	0.223077
0.444872	0.207692
0.542308	0.315385
0.70641	0.407692
0.408974	0.31282
0.602564	0.29359
0.325641	0.276923
0.692308	0.442308
0.332051	0.238462
0.392308	0.29359
0.55	0.325641
0.491026	0.330769
0.279487	0.0564103
0.538461	0.223077
0.466667	0.0769231
0.433333	0.369231
0.660256	0.285897
0.284615	0
1.16026	0.288462
0.346154	0.271795
0.238462	0.1
0.325641	0.107692
0.753846	0.280769
0.387179	0.19359
0.426923	0.169231
0.615385	0.23718
0.626923	0.466667
0.615385	0.460256
0.620513	0.238462
0.548718	0.258974
0.375641	0.276923
0.361538	0.360256
0.384615	0.0641026
0.858974	0.410256
0.58718	0.4
0.507692	0.29359
0.428205	0.0384615
1.46795	0.262821
0.346154	0.141026
0.647436	0.326923
0.583333	0.301282
0.974359	0.352564
0.644872	0.369231
0.246154	0.25641
0.589744	0.198718
0.371795	0.248718
0.555128	0.223077
0.403846	0.264103
0.585897	0.301282
0.538462	0
0.578205	0.257692
0.679487	0.326923
0.564103	0.160256
0.461538	0.153846
0.515385	0.338462
0.415385	0.1
0.597436	0.138462
0.710256	0.358974
0.55	0.338462
0.474359	0.289744
0.717949	0.410256
