0.542857	0.432143
0.504762	0.197619
0.525	0.254762
0.47381	0.485714
0.661905	0.578571
1.09524	0.345238
0.511905	0.466667
0.558333	0.485714
0.667857	0.467857
0.363095	0.403571
0.636905	0.297619
0.47619	0.334524
0.588095	0.422619
0.478571	0.257143
0.386905	0.244048
0.55	0.380952
0.690476	0.333333
0.65	0.288095
0.519048	0.357143
0.563095	0.507143
0.335714	0.325
0.511905	0.465476
0.453571	0.336905
0.635714	0.408333
0.739286	0.539286
0.447619	0.371429
0.582143	0.40119
0.545238	0.419048
0.479762	0.472619
0.434524	0.367857
0.434524	0.232143
0.532143	0.435714
0.507143	0.240476
0.434524	0.329762
0.384524	0.269048
0.52381	0.27381
0.542857	0.458333
0.690476	0.345238
0.469048	0.292857
0.435714	0.435714
0.530952	0.366667
0.488095	0.308333
0.708333	0.505952
0.416667	0.202381
0.446429	0.388095
0.385714	0.538095
0.642857	0.604762
0.571429	0.22619
0.654762	0.438095
0.642857	0.309524
0.427381	0.329762
0.520238	0.37619
0.333333	0.27381
0.539286	0.45
0.509524	0.403571
0.820238	0.52619
0.470238	0.478571
0.429762	0.232143
0.52619	0.45119
0.803572	0.39881
0.458333	0.233333
0.4	0.242857
0.52381	0.285714
0.419048	0.213095
0.459524	0.328571
0.426191	0.3
0.486905	0.447619
0.429762	0.50119
0.340476	0.236905
0.416667	0.285714
0.509524	0.452381
0.491667	0.427381
0.488095	0.363095
0.473809	0.32619
0.546429	0.391667
0.533333	0.245238
0.430952	0.288095
0.494048	0.285714
0.341667	0.411905
0.422619	0.511905
0.863095	0.357143
0.815476	0.369048
0.52381	0.476191
0.441667	0.486905
0.545238	0.467857
0.617857	0.363095
0.611905	0.359524
0.845238	0.261905
0.429762	0.366667
0.875	0.369048
0.303571	0.345238
0.50119	0.316667
0.372619	0.194048
0.464286	0.339286
0.647619	0.352381
0.378571	0.245238
0.483333	0.502381
0.415476	0.383333
0.502381	0.322619
0.571429	0.357143
