0.605556	0.571111
0.48	0.59
0.52	0.504444
0.525556	0.552222
0.526667	0.384444
0.627778	0.448889
0.683333	0.566667
0.531111	0.572222
0.844445	0.522222
0.415556	0.507778
0.311111	0.324444
0.533333	0.288889
0.775556	0.602222
0.707778	0.401111
0.533333	0.481111
0.75	0.477778
0.46	0.368889
0.485556	0.44
0.711111	0.545556
0.515556	0.48
0.538889	0.432222
0.844444	0.572222
0.6	0.541111
0.383333	0.283333
0.373333	0.324444
0.515556	0.504444
0.455556	0.522222
0.733333	0.176667
0.588889	0.43
0.568889	0.543333
0.442222	0.415556
0.455556	0.544444
0.52	0.39
0.511111	0.45
0.638889	0.483333
0.471111	0.422222
0.705555	0.361111
0.506667	0.482222
0.861111	0.3
0.6	0.481111
0.766667	0.244444
0.511111	0.445556
0.596667	0.64
0.55	0.54
0.421111	0.568889
0.49	0.19
0.574444	0.508889
0.476667	0.388889
0.64	0.58
0.588889	0.37
0.622222	0.144444
0.51	0.491111
0.677778	0.294444
0.48	0.431111
0.428889	0.553333
0.877778	0.383333
0.514444	0.424444
0.772222	0.711111
0.438889	0.25
0.672222	0.15
0.426667	0.287778
0.368889	0.424444
0.8	0.461111
0.488889	0.222222
0.733333	0.3
0.492222	0.407778
0.658889	0.622222
0.564444	0.404444
0.4	0.366667
0.572222	0.432222
0.602222	0.587778
0.57	0.59
0.85	0.583333
0.688889	0.611111
0.543333	0.432222
0.482222	0.502222
0.515556	0.506667
0.453333	0.46
1.22778	0.35
0.816667	0.544444
0.56	0.478889
0.535556	0.594444
0.642222	0.457778
0.404444	0.451111
0.605555	0.233333
0.417778	0.428889
0.64	0.568889
0.616667	0.5
0.513333	0.508889
0.888889	0.411111
0.504444	0.521111
0.5	0.616667
0.46	0.37
0.677778	0.394444
0.405556	0.407778
0.36	0.36
0.724444	0.583333
0.515556	0.624444
0.783333	0.53
0.574444	0.514444
