0.611458	0.594792
0.546875	0.520833
0.822917	0.567708
0.859375	0.588542
0.555208	0.64375
0.511458	0.459375
0.671875	0.53125
0.578125	0.565625
0.390625	0.454167
0.728125	0.621875
0.6875	0.585417
0.554167	0.590625
0.697917	0.470833
0.691667	0.379167
0.601042	0.522917
0.471875	0.526042
0.61875	0.616667
0.669792	0.64375
0.697917	0.432292
0.505208	0.555208
0.984375	0.385417
0.603125	0.60625
0.485417	0.351042
0.853125	0.53125
0.485417	0.502083
0.467708	0.322917
0.6125	0.525
0.486458	0.515625
0.786458	0.770833
0.726042	0.551042
0.552083	0.453125
0.677083	0.619792
0.827083	0.584375
0.564583	0.59375
0.667708	0.61875
0.603125	0.709375
0.677083	0.395833
0.495833	0.472917
0.74375	0.726042
0.56875	0.570833
0.751042	0.470833
0.666667	0.621875
0.620833	0.552083
0.5	0.466667
0.358333	0.379167
0.753125	0.534375
0.916667	0.458333
0.6875	0.364583
0.511458	0.597917
0.582292	0.732292
0.60625	0.633333
0.551042	0.603125
0.728125	0.727083
0.883333	0.7625
0.895833	0.630208
0.480208	0.480208
0.84375	0.4375
0.48125	0.370833
0.786458	0.479167
0.658333	0.590625
0.648958	0.703125
0.470833	0.413542
0.546875	0.385417
0.75	0.654167
0.807292	0.213542
0.546875	0.3125
0.5125	0.54375
0.635417	0.333333
0.713542	0.476042
0.785417	0.575
0.513542	0.515625
0.615625	0.444792
0.8125	0.578125
0.619792	0.682292
0.502083	0.492708
0.666667	0.680208
0.59375	0.53125
0.522917	0.729167
0.586458	0.61875
0.548958	0.429167
0.715625	0.533333
0.727083	0.617708
0.708333	0.640625
0.580208	0.601042
0.525	0.553125
0.619792	0.5
0.677083	0.742708
0.578125	0.525
0.444792	0.369792
0.572917	0.561458
0.6	0.65
0.65625	0.28125
0.403125	0.375
0.634375	0.633333
0.752083	0.613542
0.58125	0.55625
0.610417	0.73125
0.554167	0.622917
0.56875	0.609375
0.5	0.45
