0.636275	0.512745
0.928431	0.662745
0.458824	0.54902
0.55098	0.529412
0.520588	0.582353
0.812745	0.822549
0.572549	0.596078
0.804902	0.621569
0.704902	0.64902
0.742157	0.561765
0.598039	0.591177
0.5	0.367647
0.781373	0.844118
0.671569	0.722549
0.616667	0.578431
0.616667	0.741176
0.679412	0.672549
0.592157	0.661765
0.739216	0.703922
0.592157	0.611765
0.501961	0.55098
0.491176	0.52451
0.90098	0.587255
0.676471	0.555882
0.940196	0.97549
0.734314	0.806863
0.563725	0.683333
0.679412	0.620588
0.697059	0.603922
0.593137	0.529412
0.889216	0.776471
0.542157	0.564706
0.652941	0.422549
0.713726	0.594118
0.638235	0.715686
0.651961	0.47549
0.638235	0.698039
0.901961	0.721569
0.688235	0.555882
0.584314	0.54902
0.716667	0.833333
0.606863	0.808824
0.591177	0.558824
0.615686	0.645098
0.779412	0.539216
0.519608	0.462745
0.77451	0.558823
0.75	0.637255
0.490196	0.465686
0.897059	0.509804
0.815686	0.658823
0.621569	0.587255
0.619608	0.610784
0.697059	0.643137
0.745098	0.622549
0.664706	0.718627
0.784314	0.426471
0.75	0.666667
0.65098	0.717647
0.595098	0.594118
0.67353	0.520588
0.517647	0.656863
0.42549	0.532353
0.75098	0.437255
0.557843	0.473529
0.647059	0.589216
0.769608	0.683333
0.693137	0.671569
0.529412	0.372549
0.576471	0.634314
0.623529	0.7
0.606863	0.637255
0.639216	0.734314
0.571569	0.576471
0.602941	0.594118
0.519608	0.573529
0.715686	0.416667
0.75	0.648039
0.84902	0.590196
0.57451	0.497059
0.740196	0.485294
0.718627	0.554902
0.607843	0.55098
0.764706	0.411765
0.495098	0.564706
0.614706	0.737255
0.867647	0.544118
0.906863	0.392157
0.808824	0.372549
0.803922	0.74902
0.548039	0.602941
0.766667	0.535294
0.897059	0.647059
0.626471	0.697059
0.676471	0.785294
0.742157	0.647059
0.616667	0.673529
0.592157	0.690196
0.638235	0.626471
0.690196	0.7
