0.652778	0.799074
0.764815	0.791667
0.839815	0.784259
0.777778	0.74537
0.637963	0.755556
0.656482	0.921296
0.730556	0.874074
0.751852	0.838889
0.721296	0.609259
0.635185	0.731481
0.717593	0.777778
0.666667	0.490741
0.681481	0.778704
0.824074	0.662037
0.962963	0.662037
1.0463	0.740741
0.789815	0.734259
0.735185	0.717593
0.871296	0.624074
1.50926	0.625
0.598148	0.738889
0.838889	0.72037
0.738889	0.737037
0.689815	0.758333
0.744444	0.617593
0.751852	0.821296
0.923148	0.861111
0.858333	0.759259
0.556481	0.62037
0.696296	0.559259
0.647222	0.697222
0.649074	0.701852
0.721296	0.725926
0.661111	0.535185
0.822222	0.832407
0.782407	0.759259
0.708333	0.746296
0.858333	0.790741
0.657407	0.592593
0.77037	0.877778
0.922222	0.787037
0.732407	0.799074
0.721296	0.665741
0.623148	0.699074
0.738889	0.840741
0.740741	0.537037
0.656482	0.685185
0.635185	0.551852
0.668518	0.852778
0.544444	0.683333
0.775	0.731481
0.691667	0.903704
0.760185	0.939815
0.674074	0.614815
0.559259	0.560185
0.87963	0.652778
0.884259	0.763889
0.625	0.703704
0.772222	0.959259
0.878704	0.716667
0.546296	0.458333
0.753704	0.640741
0.794444	0.637037
0.907407	0.585185
0.678704	0.681481
0.84537	0.9
0.82963	0.683333
0.615741	0.685185
0.785185	0.917593
0.875	0.462963
0.635185	0.716667
1.18981	0.819444
0.764815	0.750926
0.783333	0.540741
0.902778	0.763889
0.768519	0.583333
0.74537	0.801852
0.609259	0.611111
0.555556	0.594445
0.765741	0.694444
0.890741	0.905555
0.949074	0.615741
0.878704	0.788889
0.902778	0.675926
0.472222	0.310185
0.699074	0.787037
0.64537	0.769444
0.811111	0.959259
0.508333	0.658333
0.758333	0.673148
0.822222	0.535185
0.842593	0.862963
0.967593	0.726852
0.64537	0.766667
0.675	0.766667
0.699074	0.841667
0.748148	0.638889
0.851852	0.811111
0.70463	0.714815
0.715741	0.766667
