1.95263	2.29123
1.99561	2.4693
1.66228	1.79649
2.25263	2.62895
1.77895	1.94386
1.89035	1.89035
1.54386	1.81667
1.96667	2.24123
1.82193	2.18772
1.98421	2.04649
1.75789	1.9114
1.89211	2.17807
1.92632	2.12632
1.55614	1.69386
2.0614	2.24211
1.53509	1.78947
1.33596	1.46579
1.85088	1.54386
1.87281	1.69737
2.25877	2.43597
1.79123	2.05877
2.16667	2.18772
1.74123	2.13158
1.82105	2.12632
2.37368	2.62807
2.12719	2.19737
2.1307	2.27895
2.36316	2.6193
1.87982	2.17456
1.24737	1.5
1.45526	1.71579
2.89737	3.44211
1.55965	1.81754
1.64386	1.89298
1.78684	1.74474
1.92456	2.14737
1.62456	1.80351
1.49474	1.69123
1.69474	2.08509
2.40789	2.3114
2.51228	2.54737
1.28947	1.37719
2.05	2.10439
1.2193	1.41667
1.90526	2.1614
1.8	2.26403
1.71491	2.07193
1.16667	1.5
2.50614	2.77982
2.07456	2.23421
1.85526	1.87281
1.92105	2.14474
2.53421	2.90614
1.98246	2.37544
1.74123	1.84649
1.75702	1.82632
1.65965	1.83947
1.72193	1.96316
1.65	2.11403
2.01754	2.15263
0.955263	1.1114
1.34386	1.5693
1.69298	1.70175
1.9307	2.07982
1.38246	1.54912
2.32719	2.48947
1.83947	2.26403
2.04912	2.45088
1.8693	2.10526
2.10351	2.40965
1.40088	1.62982
1.43333	1.69737
1.22544	1.3693
1.47895	1.71667
1.94912	2.03509
1.94561	2.24912
2.42105	2.79474
1.22632	1.4614
1.50263	1.72632
1.62105	1.8193
2.02982	2.25175
1.78333	1.93596
1.54561	1.82193
1.49737	1.96228
1.53158	1.8193
2.13772	2.39561
1.29561	1.65702
2.02368	2.43158
1.84298	2.11316
1.41579	1.65439
2.35877	2.66403
2.22368	2.66053
1.80088	2.13333
1.67982	2.07018
1.46404	1.77105
2.03509	2.34298
2.31754	2.60351
1.71579	1.73158
1.98509	2.30351
1.79825	2.00877
