2.16667	0.833333
0.833333	0.694444
0.333333	0.5
3.58333	1.75
0.333333	0.333333
2.88889	0.861111
1.75556	1.2
0	0.222222
2.05556	1.55556
1.44444	1.38889
4.33333	0.444444
3.33333	2.77778
1.93333	1.73333
0.166667	0.166667
0.416667	0.416667
0.166667	0.277778
2.16667	0.833333
1.33333	1.22222
0.277778	0.388889
2.55556	2.83333
2	1.44444
2.53333	1.92222
2.45	0.766667
2.5	0.555556
2.5	0.666667
3.4	3.82222
3.22222	0.888889
2.05556	0.611111
1.33333	1.27778
1.47778	1.50556
0.888889	0.888889
0.333333	0.333333
0.333333	0.5
0.888889	0.888889
1.88889	1.61111
2.36667	0.5
0.666667	0.444444
3.25	1.27778
2.66667	2.85
2.83333	1.33333
1.41667	1.41667
0.888889	0.888889
0.944444	0.583333
2.23333	2.23333
2.5	0.666667
2.5	0.666667
1.2	1.33333
2.16667	0.5
2.16667	1.13889
0.833333	0.833333
4.5	0.583333
2.94444	1.33333
0.583333	1.27778
3.41667	1.16667
3.16667	0.666667
2.83333	1.16667
3.83333	2
0.911111	0.444444
2.13333	2.06667
2.33333	0.5
2.6	2.4
2.16667	0.833333
1.36667	1.36667
2.73333	0.266667
0.888889	0.888889
0.111111	0.222222
2.86111	2.72222
2.33333	2.48889
2.16667	0.833333
2.16667	0.666667
2.16667	0.833333
0.766667	0.7
0.977778	0.533333
2.63333	0.7
1.53333	1.46667
2.66667	0.916667
0.777778	0.555556
0.222222	0.444444
0.933333	0.8
0	0.333333
2.5	0.666667
0.888889	0.861111
2.52778	0.972222
1.11111	1.05556
1.98889	1.25556
1.27778	1.05556
2.66667	0.916667
0.111111	0.333333
1.33333	1.22222
1.66667	1.6
1.41111	0.955556
2.91667	1.5
2.05556	0.388889
1.44444	1.61111
0.833333	0.888889
0.333333	0.666667
1.66667	1.22222
2	1.33333
4.16667	0.583333
1.33333	1
