1.725	1.9
3.375	0.875
1.96667	1.51667
2	1.41667
2.08333	2.1875
1.33333	1.1875
1.875	0.625
2.075	2.525
3.16667	3.0625
1.7	1.325
2.20833	1.375
1.75	1.29167
3.4375	0.875
1.675	1.3125
1.0625	0.770833
2.66667	1.1875
0.833333	0.8125
2.58333	1.04167
2.9375	1.625
1.875	0.725
2.6625	2.7625
1.775	1.375
2.70833	1.125
1.95833	1.45833
3	3.675
1.9125	0.8
1.45833	1.33333
3.0625	1.625
1.875	1.625
1.875	0.75
0.833333	0.666667
1.875	0.625
1.1	0.958333
2	1.625
0.55	0.775
3.6875	1.25
3.33333	0.645833
0.979167	0.958333
1.72917	1.5
1.16667	1.20833
1.125	1.25
2.60417	1.35417
1.85	1.8
1.16667	0.729167
2.125	0.875
2.875	1.625
3.70833	0.916667
1.33333	1.58333
2.75	2.0625
1.8	1.425
1.125	1.08333
2.875	1.5625
1.40833	1.90833
1.70833	1.54167
2.41667	3.05833
2.16667	2.375
2.7375	1.3625
2.875	1.25
3.33333	2.95833
1.20833	1.05833
2.27083	2.1875
1.625	0.75
1.9	1.9625
1.9	1.85
3.0625	2
1.1375	0.854167
2.30833	1.85
1.75	1.3125
2.0625	1.8625
1.91667	1.3125
2.04167	1.58333
1.20833	1
2.9375	1.875
2.375	1.25
2.5625	3.0125
0.616667	1.17917
1.66667	1.58333
0.920833	1.24167
1.26667	1.28333
2.125	0.875
1.225	1.1
1.9875	1.625
2.35417	1.16667
2.875	2.20833
1.33333	1.16667
2.575	2.15
2.25	0.9375
1.25	1.10417
1.875	0.75
1.54167	1.125
1	1.04167
2.1875	0.875
2.125	0.875
1.16667	0.625
1.6875	0.895833
3.0125	3.275
3.04167	1.125
0.958333	0.75
1.925	2.175
1.20833	1.08333
