1.75	1.74
2.24	0.88
1.52667	1.74667
2.42667	2.99333
0.746667	0.706667
1.9	1.88333
1.73333	1.3
2	2.04
1.86667	1.73333
2.7	1.8
0.986667	1
1.86	1.5
2.13333	1.28333
1.52	1.64
1.6	1.36667
2.35	1.2
2.12	2.52
2.03333	0.833333
1.1	1.1
2.8	0.95
1.6	1
2.55	1.46667
2.46667	2.36667
2.3	2.2
2.06667	0.733333
1.67	0.98
1.66667	1.56667
1.8	1.9
1.06	1.11667
2.53333	1.68333
1.28	1.32
2.1	2.2
1.03333	1.2
1.34	1.4
0.35	0.55
1.2	1.06667
1.76	1.84
3.03	3.57
1.35	1.25
0.83	1.01667
1.66	1.48
1.66667	1.36667
0.983333	0.9
1.55333	1.85333
1.96667	1.06667
1.2	0.5
1.67333	1.41333
1.76667	2.26667
2	1.25
1.77333	1.84
1.34667	1.37333
0.946667	0.826667
0.44	0.64
1.29333	1.38667
0.8	1.04
2.63333	1.63333
1.35	1.16667
2.66667	2.4
2.43	2.69
1.98	1.77333
3.23333	3
0.466667	0.666667
0.95	0.983333
2.68333	2.63333
0.716667	0.933333
3.4	3.13333
1.9	1.48
1.38333	1.11667
0.05	0.45
1.8	1.96
2.25	1.2
0.74	0.98
1.2	1.2
1.91	0.92
1.2	0.5
1.53333	1.54
3	0.95
1.47333	1.92333
1.28667	1.22
2.42	1.16
1.9	1.86667
1.52333	1.41
1.48	1.18667
1.9	1.2
1.28	1.2
2.65	1.6
1.25	1.11667
2.3	1.45
1.38333	1.08333
1.7	0.8
2.03333	0.833333
1.64	1.86
1.25	0.4
2.5	2.73
2.52	2.7
1.56	1.62
1.96667	1.7
2.81667	1.91667
2.4	2.41667
1.14333	1.39333
