0.9875	1.29167
2.26875	2.52083
1.1125	1.45
1.84792	2.2375
1.80208	1.30208
2.11042	2.12708
1.33333	1.20833
1.075	1.32083
2.85417	1.57292
1.5625	1.23958
1.95	1.88125
1.9625	2.4125
2.125	2.6875
1.83333	2.07292
1.55208	1.66667
1.25	1.325
2.83333	3.41875
1.59167	2.12083
1.27083	1.52083
1.28542	1.6875
1.70833	1.54167
1.97292	2.17083
1.8125	1.34375
1.59583	1.8125
1.73958	1.71875
2.15625	1.78125
1.9125	1.95
1.80208	2.08333
1.76667	2.22708
1.61458	1.80208
2.1	2.30208
1.08333	1.05208
1.64583	1.66667
1.80208	2.475
1.55	1.96042
1.12917	1.1875
0.93125	0.88125
1.8125	2.19792
1.67708	1.82292
2.17708	1.57292
0.65625	0.833333
2.125	1.1875
2.06667	2.5625
2.7625	3.3
1.9375	2.6125
1.72292	2.30208
1.92708	2.08333
1.925	2.13125
1.01042	1.21875
1.89167	2.30417
1.73958	2.0625
2.26875	2.46875
1.17917	1.68333
1.22917	1.61458
2.08958	2.68958
2.22917	2.17708
1.78125	1.84375
1.48958	1.40625
1.41458	1.75417
2.6375	1.95
2.85417	2.64583
2.10417	2.37292
1.79167	2.25625
1.28333	1.46875
1.72708	2.29167
1.15	1.1375
2.14583	2.04167
1.125	1.08333
1.36458	1.5625
1.92292	1.72083
3.33333	3.53125
1.3125	0.875
1.14167	1.225
1.86667	2.2375
1.22917	1.125
1.57292	1.57292
2	2.55208
2.92708	2.375
2.36667	2.99375
0.75	0.75
2.28125	2.02083
2.09792	2.80625
0.8125	0.9375
1.00208	1.42917
1.74375	2.0875
1.15625	1.29167
1.95833	2.62083
0.5875	0.891667
1.9375	1.95833
1.10417	1
1.75	1.33333
2.86042	3.59167
1.3125	1.48958
2.75	3.1875
1.98333	2.44583
1.8125	1.54167
2.37917	2.50417
2.38542	2.48958
1.67292	2.25417
0.9375	0.4375
