1.66667	1.80833
2.11667	1.9
1.71667	1.925
2.35	1.81667
1.125	1.56667
1.71667	1.85
2.03333	1.725
1.75	1.545
1.3	1.11667
1.58333	1.96667
2.34167	1.975
1.91667	1.44167
2.59167	2.93333
1.65	1.71667
2.41667	2.75
1.91	2.09
1.36667	1.56667
1.525	1.55833
1.25833	1.48333
1.85833	2.1
1.315	1.595
1.05	1.145
1.6	1.13333
1.34167	1.28333
1.1	1.35
2.10833	1.71667
1.05833	1.3
1.185	1.66
1.06667	1.15
1.90833	2.10833
2.10833	2.31667
1.35	1.55833
1.53333	1.4
1.41667	1.725
1.69167	2.08333
1.29	1.53
2.20833	2.33333
1.25833	1.56667
1.81667	2.01667
2.95	3.28333
2.185	2.18
2.025	1.75
0.725	0.991667
1.775	1.39167
1.95833	2.325
1.78333	1.4
1.88333	1.94167
1.375	1.63333
2.525	1.69167
1.83333	2.13333
0.683333	0.75
2.475	2.675
1.53333	1.25
2.75833	3.13333
2.55	2.575
1.45	1.55
1.96	2.38
2.115	2.63
1.35	1.78
1.45833	1.34167
1.235	1.59
1.53333	1.75833
1.70833	1.3
0.85	0.9
1.88333	1.74167
1.53	1.89
2.075	2.39167
2.825	2.975
2.075	1.99167
1.245	1.425
1.225	1.55
1.95833	2.225
1.675	1.88333
2.12	2.52
1.48333	1.53333
0.99	1.55
1.53333	1.26667
2.19167	2.36667
2.575	2.30833
2	2.06667
1.825	1.7
1.35	1.055
2	1.58333
2.225	1.70833
1.775	1.91667
1.14167	1.43333
1.79	2
2.075	1.81667
1.21	1.525
1.76667	2.10833
1.615	2.15
1.7	1.71667
1.2	1.35
1.9	1.75
1.41667	1.60833
1.73333	1.68333
2.21667	2.16667
1.575	1.825
1.61667	1.5
2.39	2.63
