1.41795	1.81026
1.12821	1.28846
1.25385	1.48205
2.17308	1.97436
2.15513	2.67308
1.98462	2.28718
2.24103	2.92308
1.91795	2.27692
1.66667	1.69231
1.67051	2.01795
1.94359	2.57051
1.93205	2.13462
0.869231	1.19744
2.67949	2.10897
1.44103	1.9641
2.19744	2.65641
1.7141	2.06282
1.74615	1.98974
1.82051	2.07692
2.00641	2.54487
1.88462	1.78846
2.48077	2.65385
1.79744	2.34231
1.30256	1.68077
1.27564	1.58974
1.53077	2.20513
2.10897	1.37821
1.9859	2.57051
1.02051	1.38077
1.39744	1.48718
1.44103	1.71538
2.15897	2.62051
1.53205	2.05641
1.42436	1.82692
2.05769	2.48462
1.96795	2.4859
2.1359	2.74615
2.24103	2.90513
1.92308	2.15385
1.90769	2.53846
1.46667	1.93333
2.30128	2.69103
2.54872	2.77692
1.25256	1.92051
1.49231	2.02308
0.946154	1.34103
1.79487	1.98077
1.58718	2.12436
1.62436	2.23974
2.02564	2.42051
2.14103	2.68205
1.23333	1.50769
1.50256	1.54103
1.42308	1.53333
2.18462	2.57179
2.08333	2.27051
1.62436	2.0859
1.78846	1.23718
1.60256	1.87949
1.72821	2.00769
1.09231	1.49231
1.87692	2.15769
1.63846	2.24487
2.19231	2.54231
2.71154	3
0.976923	1.60513
1.98333	2.46026
1.31795	1.55769
2.25385	2.62436
1.91026	2.38846
1.76667	2.32821
1.33333	1.5
2.19744	2.27179
1.37949	1.57179
1.6359	2.03077
1.47564	1.86667
2.33333	1.83974
1.51282	1.80769
1.97436	2.27564
1.89744	2.14744
1.67949	1.53846
1.85641	2.26026
1.48205	2.10256
1.61538	1.98718
1.08333	1.62949
1.19487	1.51923
1.67692	2.17051
1.45256	1.70256
1.55769	1.57692
1.65513	2.03974
1.59615	1.80769
1.25	1.48718
2.26923	2.16667
2.18462	2.58718
1.22436	1.72564
1.4	1.58205
2.01795	2.19359
1.78077	2.20256
1.56154	1.93846
1.67308	1.73718
