2.11759	2.53704
1.64907	2.21019
1.45833	1.775
1.27778	1.67685
1.78148	2.26204
1.65556	2.10278
1.89722	2.36111
1.61204	2.14352
1.20278	1.53611
1.86667	2.47222
1.57407	1.88889
1.3287	1.74074
1.54907	1.86204
1.99074	2.25926
2	2.16204
2.0787	1.99074
2.42222	2.75093
1.44352	1.9037
1.43889	1.64259
2.08796	1.65278
1.2463	1.46852
2.02407	2.32037
1.87685	2.26019
1.94074	2.43241
1.83611	2.31296
2.22685	2.77222
2.36296	2.68796
1.76019	2.06759
2.38796	2.86667
1.4037	1.59074
1.55833	1.94815
1.76296	2.12685
1.29074	1.58519
1.48148	1.875
2.02037	2.26667
1.61574	1.90278
1.76111	2.16296
1.83241	2.15556
1.11111	1.41204
1.88333	2.2287
1.66667	1.95
1.82685	2.20741
1.97685	2.59259
1.2037	1.5287
1.59074	1.87593
1.59259	1.59259
1.1287	1.66481
1.66852	2.00926
1.57407	2.0037
1.60185	2.14074
1.83241	2.08981
1.90741	2.46019
2.03426	2.54259
1.67778	2.04074
1.74444	2.2463
1.95833	1.93518
1.6713	1.87963
1.57407	2.00093
2.01019	2.44259
1.59167	1.92037
1.28241	1.73611
1.88889	2.11667
1.56296	1.81574
1.41667	1.62037
1.63981	2.05556
1.9213	2.33426
1.32685	1.56852
1.71296	1.90741
1.98241	2.39352
2.19907	2.4213
1.74352	2.28981
2.03241	2.06482
1.82037	2.34907
1.60833	1.9213
1.5787	1.94907
2.17593	2.12963
2.01852	2.26852
1.41296	1.9213
1.525	2.02963
1.53611	1.86204
2.35	2.47037
1.9537	2.06019
1.73981	2.24259
1.68056	1.83333
1.44444	1.91667
1.51296	2.20741
2.20463	2.85741
1.94537	2.26204
0.843518	1.27963
1.71296	2.06852
1.5963	1.76481
1.79815	2.13333
1.76852	1.875
1.7963	2.23796
1.49074	2.09259
1.77685	2.21759
1.63704	2.01111
1.88333	2.29352
1.33981	1.7
1.83611	2.28241
